# Run number 03 on Fri May 17 12:15:00 2024
# Time (s)      T1w (C)       T2w (C)       T1a (C)       T2a (C)       T1r (C)       T2r (C)       T3r (C)       T4r (C)       P1 (bar)      P2 (bar)      Ic (amp)      Qc (l/min)    
 3.1937E-01    4.2775E+01    5.1657E+01    2.1529E+01    1.7983E+01    1.4052E+01    6.0627E+01    4.7134E+01    1.4435E+01    4.4919E+00    1.5066E+01    6.1695E+00    9.1131E+00   
 1.4567E+00    4.2796E+01    5.1660E+01    2.1583E+01    1.7892E+01    1.4233E+01    6.0653E+01    4.7186E+01    1.4473E+01    4.4919E+00    1.5005E+01    6.3019E+00    9.0201E+00   
 2.5427E+00    4.2802E+01    5.1625E+01    2.1499E+01    1.7875E+01    1.4297E+01    6.0625E+01    4.7240E+01    1.4512E+01    4.4919E+00    1.5066E+01    6.2408E+00    9.0201E+00   
 3.6329E+00    4.2814E+01    5.1624E+01    2.1416E+01    1.7743E+01    1.4483E+01    6.0619E+01    4.7262E+01    1.4569E+01    4.4919E+00    1.5086E+01    6.3070E+00    9.0434E+00   
 4.7121E+00    4.2802E+01    5.1631E+01    2.1788E+01    1.7848E+01    1.4675E+01    6.0589E+01    4.7299E+01    1.4642E+01    4.4919E+00    1.5025E+01    6.1288E+00    9.0667E+00   
 5.7983E+00    4.2825E+01    5.1625E+01    2.2195E+01    1.7857E+01    1.4871E+01    6.0591E+01    4.7368E+01    1.4655E+01    4.5123E+00    1.5106E+01    6.2306E+00    9.0899E+00   
 6.8875E+00    4.2830E+01    5.1633E+01    2.1906E+01    1.7839E+01    1.4974E+01    6.0580E+01    4.7441E+01    1.4726E+01    4.5123E+00    1.5005E+01    6.3070E+00    9.0201E+00   
 7.9756E+00    4.2817E+01    5.1608E+01    2.1801E+01    1.7789E+01    1.5165E+01    6.0579E+01    4.7457E+01    1.4768E+01    4.5123E+00    1.5106E+01    6.1339E+00    9.0667E+00   
 9.0628E+00    4.2828E+01    5.1615E+01    2.2098E+01    1.7783E+01    1.5348E+01    6.0585E+01    4.7533E+01    1.4840E+01    4.5327E+00    1.5045E+01    6.1339E+00    9.0899E+00   
 1.0151E+01    4.2859E+01    5.1645E+01    2.2062E+01    1.7836E+01    1.5523E+01    6.0604E+01    4.7588E+01    1.4853E+01    4.5327E+00    1.5045E+01    6.2204E+00    9.0434E+00   
 1.1234E+01    4.2867E+01    5.1651E+01    2.2049E+01    1.7919E+01    1.5597E+01    6.0628E+01    4.7596E+01    1.4917E+01    4.5327E+00    1.5147E+01    6.2713E+00    9.0434E+00   
 1.2320E+01    4.2895E+01    5.1667E+01    2.2149E+01    1.7952E+01    1.5746E+01    6.0642E+01    4.7686E+01    1.4991E+01    4.5327E+00    1.5086E+01    6.1339E+00    9.0434E+00   
 1.3415E+01    4.2909E+01    5.1699E+01    2.2345E+01    1.7958E+01    1.5867E+01    6.0636E+01    4.7712E+01    1.5011E+01    4.5531E+00    1.5045E+01    6.2611E+00    9.0899E+00   
 1.4500E+01    4.2905E+01    5.1700E+01    2.2361E+01    1.8083E+01    1.5930E+01    6.0731E+01    4.7801E+01    1.5093E+01    4.5531E+00    1.5066E+01    6.2204E+00    9.1362E+00   
 1.5581E+01    4.2929E+01    5.1713E+01    2.2624E+01    1.8038E+01    1.6029E+01    6.0751E+01    4.7786E+01    1.5163E+01    4.5531E+00    1.5127E+01    6.1339E+00    9.0667E+00   
 1.6657E+01    4.2946E+01    5.1723E+01    2.2190E+01    1.8021E+01    1.6197E+01    6.0775E+01    4.7875E+01    1.5284E+01    4.5735E+00    1.5188E+01    6.3222E+00    9.0434E+00   
 1.7752E+01    4.2973E+01    5.1748E+01    2.2054E+01    1.7938E+01    1.6298E+01    6.0813E+01    4.7893E+01    1.5273E+01    4.5735E+00    1.5086E+01    6.1339E+00    9.0201E+00   
 1.8848E+01    4.2981E+01    5.1757E+01    2.2070E+01    1.7992E+01    1.6346E+01    6.0883E+01    4.7967E+01    1.5371E+01    4.5735E+00    1.5045E+01    6.3070E+00    9.0434E+00   
 1.9945E+01    4.3004E+01    5.1771E+01    2.2259E+01    1.7965E+01    1.6380E+01    6.0907E+01    4.7992E+01    1.5454E+01    4.5939E+00    1.5208E+01    6.1491E+00    9.0434E+00   
 2.1027E+01    4.3015E+01    5.1791E+01    2.2021E+01    1.7965E+01    1.6291E+01    6.0899E+01    4.8020E+01    1.5533E+01    4.5735E+00    1.5147E+01    6.1491E+00    9.0434E+00   
 2.2113E+01    4.3028E+01    5.1806E+01    2.2360E+01    1.8031E+01    1.6152E+01    6.0903E+01    4.8078E+01    1.5588E+01    4.5939E+00    1.5045E+01    6.3324E+00    9.0201E+00   
 2.3195E+01    4.3041E+01    5.1823E+01    2.2396E+01    1.8042E+01    1.5984E+01    6.0915E+01    4.8106E+01    1.5688E+01    4.5939E+00    1.5025E+01    6.3426E+00    9.0667E+00   
 2.4276E+01    4.3052E+01    5.1835E+01    2.1671E+01    1.7984E+01    1.5450E+01    6.0890E+01    4.8146E+01    1.5783E+01    4.5939E+00    1.5066E+01    6.3120E+00    9.0434E+00   
 2.5356E+01    4.3094E+01    5.1856E+01    2.1574E+01    1.8039E+01    1.4234E+01    6.0913E+01    4.8192E+01    1.5815E+01    4.5939E+00    1.5106E+01    6.1899E+00    9.0434E+00   
 2.6435E+01    4.3094E+01    5.1889E+01    2.1526E+01    1.7976E+01    1.3666E+01    6.0952E+01    4.8234E+01    1.5885E+01    4.5939E+00    1.5167E+01    6.1542E+00    9.0434E+00   
 2.7515E+01    4.3106E+01    5.1910E+01    2.1354E+01    1.8116E+01    1.3303E+01    6.0964E+01    4.8247E+01    1.5931E+01    4.6143E+00    1.5208E+01    6.3426E+00    9.0434E+00   
 2.8603E+01    4.3121E+01    5.1915E+01    2.1704E+01    1.8157E+01    1.3194E+01    6.0953E+01    4.8277E+01    1.5857E+01    4.6143E+00    1.5086E+01    6.2051E+00    9.0667E+00   
 2.9691E+01    4.3134E+01    5.1921E+01    2.2099E+01    1.8147E+01    1.3112E+01    6.0967E+01    4.8282E+01    1.5781E+01    4.5939E+00    1.5249E+01    6.1644E+00    9.1131E+00   
 3.0778E+01    4.3112E+01    5.1941E+01    2.2087E+01    1.8177E+01    1.3090E+01    6.1036E+01    4.8288E+01    1.5672E+01    4.6143E+00    1.5249E+01    6.2102E+00    9.0899E+00   
 3.1858E+01    4.3112E+01    5.1927E+01    2.1786E+01    1.8143E+01    1.3074E+01    6.1056E+01    4.8277E+01    1.5554E+01    4.6143E+00    1.5310E+01    6.2968E+00    9.0201E+00   
# Time (s)      T1w (C)       T2w (C)       T1a (C)       T2a (C)       T1r (C)       T2r (C)       T3r (C)       T4r (C)       P1 (bar)      P2 (bar)      Ic (amp)      Qc (l/min)    
 3.2958E+01    4.3093E+01    5.1946E+01    2.1671E+01    1.8143E+01    1.3004E+01    6.1058E+01    4.8283E+01    1.5492E+01    4.5735E+00    1.5208E+01    6.1644E+00    9.0899E+00   
 3.4043E+01    4.3105E+01    5.1970E+01    2.1990E+01    1.8210E+01    1.3051E+01    6.1100E+01    4.8288E+01    1.5495E+01    4.5735E+00    1.5167E+01    6.1593E+00    9.1131E+00   
 3.5203E+01    4.3103E+01    5.1971E+01    2.1748E+01    1.8023E+01    1.3036E+01    6.1148E+01    4.8272E+01    1.5484E+01    4.5939E+00    1.5269E+01    6.3579E+00    9.0899E+00   
 3.6299E+01    4.3141E+01    5.2006E+01    2.1893E+01    1.8019E+01    1.3040E+01    6.1222E+01    4.8275E+01    1.5449E+01    4.5735E+00    1.5310E+01    6.1593E+00    9.0667E+00   
 3.7395E+01    4.3129E+01    5.2005E+01    2.1645E+01    1.8072E+01    1.3016E+01    6.1194E+01    4.8233E+01    1.5382E+01    4.5735E+00    1.5208E+01    6.2408E+00    9.0201E+00   
 3.8486E+01    4.3140E+01    5.2004E+01    2.1451E+01    1.7990E+01    1.2933E+01    6.1232E+01    4.8176E+01    1.5330E+01    4.5735E+00    1.5086E+01    6.2051E+00    9.0434E+00   
 3.9562E+01    4.3138E+01    5.2023E+01    2.1372E+01    1.7898E+01    1.2928E+01    6.1211E+01    4.8145E+01    1.5292E+01    4.5735E+00    1.5229E+01    6.1899E+00    9.0434E+00   
 4.0635E+01    4.3132E+01    5.1997E+01    2.1446E+01    1.7862E+01    1.2872E+01    6.1215E+01    4.8114E+01    1.5265E+01    4.5531E+00    1.5167E+01    6.3477E+00    9.0434E+00   
 4.1723E+01    4.3158E+01    5.2020E+01    2.1606E+01    1.7971E+01    1.2831E+01    6.1228E+01    4.8072E+01    1.5247E+01    4.5735E+00    1.5229E+01    6.3375E+00    9.0434E+00   
 4.2812E+01    4.3140E+01    5.2029E+01    2.1658E+01    1.7859E+01    1.2851E+01    6.1291E+01    4.8054E+01    1.5206E+01    4.5735E+00    1.5310E+01    6.3630E+00    9.1593E+00   
 4.3902E+01    4.3168E+01    5.2047E+01    2.1579E+01    1.7926E+01    1.2854E+01    6.1331E+01    4.8040E+01    1.5145E+01    4.5735E+00    1.5290E+01    6.2153E+00    9.0667E+00   
 4.4988E+01    4.3159E+01    5.2024E+01    2.1541E+01    1.7884E+01    1.2827E+01    6.1376E+01    4.7998E+01    1.5069E+01    4.5735E+00    1.5188E+01    6.3630E+00    9.0434E+00   
 4.6076E+01    4.3173E+01    5.2036E+01    2.1705E+01    1.7896E+01    1.2808E+01    6.1325E+01    4.7957E+01    1.5034E+01    4.5735E+00    1.5208E+01    6.2000E+00    9.0899E+00   
 4.7173E+01    4.3156E+01    5.2053E+01    2.1736E+01    1.7931E+01    1.2799E+01    6.1306E+01    4.7913E+01    1.4970E+01    4.5531E+00    1.5229E+01    6.2815E+00    9.0434E+00   
 4.8269E+01    4.3141E+01    5.2057E+01    2.1582E+01    1.7833E+01    1.2744E+01    6.1284E+01    4.7873E+01    1.4923E+01    4.5531E+00    1.5330E+01    6.1899E+00    9.0899E+00   
 4.9364E+01    4.3172E+01    5.2077E+01    2.1922E+01    1.7869E+01    1.2689E+01    6.1320E+01    4.7864E+01    1.4867E+01    4.5531E+00    1.5290E+01    6.2510E+00    9.0667E+00   
 5.0454E+01    4.3170E+01    5.2083E+01    2.2047E+01    1.7951E+01    1.2681E+01    6.1328E+01    4.7803E+01    1.4839E+01    4.5735E+00    1.5351E+01    6.2764E+00    9.0201E+00   
 5.1535E+01    4.3186E+01    5.2120E+01    2.2145E+01    1.7883E+01    1.2684E+01    6.1334E+01    4.7777E+01    1.4800E+01    4.5531E+00    1.5371E+01    6.2357E+00    8.9967E+00   
 5.2616E+01    4.3169E+01    5.2105E+01    2.2040E+01    1.7954E+01    1.2671E+01    6.1319E+01    4.7779E+01    1.4737E+01    4.5531E+00    1.5391E+01    6.1797E+00    9.0201E+00   
 5.3695E+01    4.3185E+01    5.2096E+01    2.1694E+01    1.7889E+01    1.2711E+01    6.1325E+01    4.7743E+01    1.4696E+01    4.5531E+00    1.5310E+01    6.3477E+00    9.0899E+00   
 5.4779E+01    4.3179E+01    5.2117E+01    2.1638E+01    1.7942E+01    1.2744E+01    6.1298E+01    4.7724E+01    1.4686E+01    4.5531E+00    1.5167E+01    6.1950E+00    9.0899E+00   
 5.5864E+01    4.3217E+01    5.2136E+01    2.1874E+01    1.7934E+01    1.2774E+01    6.1324E+01    4.7697E+01    1.4637E+01    4.5327E+00    1.5351E+01    6.3375E+00    9.0667E+00   
 5.6952E+01    4.3232E+01    5.2138E+01    2.2341E+01    1.7977E+01    1.2744E+01    6.1293E+01    4.7643E+01    1.4592E+01    4.5531E+00    1.5330E+01    6.3833E+00    9.1131E+00   
 5.8031E+01    4.3260E+01    5.2175E+01    2.2132E+01    1.8027E+01    1.2788E+01    6.1298E+01    4.7615E+01    1.4549E+01    4.5327E+00    1.5310E+01    6.3680E+00    9.1131E+00   
 5.9111E+01    4.3265E+01    5.2183E+01    2.2122E+01    1.7915E+01    1.2829E+01    6.1365E+01    4.7599E+01    1.4550E+01    4.5327E+00    1.5249E+01    6.1899E+00    9.0201E+00   
 6.0199E+01    4.3271E+01    5.2167E+01    2.2134E+01    1.7912E+01    1.2728E+01    6.1418E+01    4.7588E+01    1.4570E+01    4.5327E+00    1.5391E+01    6.3426E+00    9.0201E+00   
 6.1287E+01    4.3309E+01    5.2182E+01    2.2230E+01    1.7942E+01    1.2753E+01    6.1392E+01    4.7601E+01    1.4562E+01    4.5327E+00    1.5229E+01    6.1848E+00    9.0434E+00   
 6.2382E+01    4.3308E+01    5.2202E+01    2.2297E+01    1.7936E+01    1.2735E+01    6.1408E+01    4.7589E+01    1.4529E+01    4.5327E+00    1.5310E+01    6.2102E+00    9.0667E+00   
 6.3470E+01    4.3329E+01    5.2207E+01    2.2294E+01    1.7861E+01    1.2761E+01    6.1406E+01    4.7603E+01    1.4546E+01    4.5327E+00    1.5371E+01    6.3171E+00    9.0667E+00   
 6.4566E+01    4.3366E+01    5.2221E+01    2.2197E+01    1.7932E+01    1.3000E+01    6.1386E+01    4.7576E+01    1.4517E+01    4.5327E+00    1.5167E+01    6.2306E+00    9.0667E+00   
# Time (s)      T1w (C)       T2w (C)       T1a (C)       T2a (C)       T1r (C)       T2r (C)       T3r (C)       T4r (C)       P1 (bar)      P2 (bar)      Ic (amp)      Qc (l/min)    
 6.5656E+01    4.3361E+01    5.2230E+01    2.1982E+01    1.7898E+01    1.3300E+01    6.1359E+01    4.7595E+01    1.4532E+01    4.5327E+00    1.5351E+01    6.3070E+00    9.0667E+00   
 6.6803E+01    4.3372E+01    5.2222E+01    2.2170E+01    1.7840E+01    1.3583E+01    6.1379E+01    4.7611E+01    1.4560E+01    4.5327E+00    1.5208E+01    6.1848E+00    9.1131E+00   
 6.7895E+01    4.3339E+01    5.2223E+01    2.2390E+01    1.7795E+01    1.3713E+01    6.1372E+01    4.7664E+01    1.4609E+01    4.5327E+00    1.5188E+01    6.1950E+00    9.0667E+00   
 6.8991E+01    4.3352E+01    5.2234E+01    2.1867E+01    1.7831E+01    1.3902E+01    6.1386E+01    4.7671E+01    1.4660E+01    4.5327E+00    1.5371E+01    6.2968E+00    9.0667E+00   
 7.0076E+01    4.3371E+01    5.2233E+01    2.1553E+01    1.7849E+01    1.4094E+01    6.1400E+01    4.7722E+01    1.4725E+01    4.5327E+00    1.5188E+01    6.2459E+00    9.0667E+00   
 7.1146E+01    4.3366E+01    5.2236E+01    2.1507E+01    1.7742E+01    1.4270E+01    6.1421E+01    4.7774E+01    1.4756E+01    4.5327E+00    1.5208E+01    6.1746E+00    9.0434E+00   
 7.2227E+01    4.3383E+01    5.2250E+01    2.1587E+01    1.7701E+01    1.4375E+01    6.1459E+01    4.7795E+01    1.4806E+01    4.5327E+00    1.5229E+01    6.1848E+00    9.0667E+00   
 7.3306E+01    4.3396E+01    5.2267E+01    2.1499E+01    1.7787E+01    1.4513E+01    6.1482E+01    4.7847E+01    1.4870E+01    4.5327E+00    1.5351E+01    6.2510E+00    9.0667E+00   
 7.4389E+01    4.3397E+01    5.2240E+01    2.1849E+01    1.7727E+01    1.4655E+01    6.1469E+01    4.7900E+01    1.4888E+01    4.5327E+00    1.5229E+01    6.1899E+00    8.9967E+00   
 7.5459E+01    4.3404E+01    5.2248E+01    2.2111E+01    1.7836E+01    1.4727E+01    6.1479E+01    4.7959E+01    1.4941E+01    4.5531E+00    1.5229E+01    6.3171E+00    9.0667E+00   
 7.6544E+01    4.3416E+01    5.2266E+01    2.2129E+01    1.7823E+01    1.4838E+01    6.1520E+01    4.7978E+01    1.5008E+01    4.5531E+00    1.5269E+01    6.1797E+00    9.0434E+00   
 7.7640E+01    4.3437E+01    5.2266E+01    2.2265E+01    1.7846E+01    1.4937E+01    6.1559E+01    4.8048E+01    1.5052E+01    4.5531E+00    1.5290E+01    6.3680E+00    9.0667E+00   
 7.8737E+01    4.3472E+01    5.2291E+01    2.2175E+01    1.7848E+01    1.4999E+01    6.1554E+01    4.8117E+01    1.5081E+01    4.5531E+00    1.5330E+01    6.1899E+00    9.0667E+00   
 7.9834E+01    4.3481E+01    5.2287E+01    2.2253E+01    1.7967E+01    1.5022E+01    6.1624E+01    4.8180E+01    1.5135E+01    4.5735E+00    1.5371E+01    6.3120E+00    9.1362E+00   
 8.0929E+01    4.3506E+01    5.2289E+01    2.2285E+01    1.7944E+01    1.5099E+01    6.1596E+01    4.8225E+01    1.5191E+01    4.5735E+00    1.5249E+01    6.2153E+00    9.0434E+00   
 8.2025E+01    4.3511E+01    5.2311E+01    2.1892E+01    1.7957E+01    1.5139E+01    6.1627E+01    4.8279E+01    1.5263E+01    4.5735E+00    1.5188E+01    6.3579E+00    9.0434E+00   
 8.3122E+01    4.3533E+01    5.2319E+01    2.2152E+01    1.7947E+01    1.5056E+01    6.1610E+01    4.8316E+01    1.5267E+01    4.5735E+00    1.5290E+01    6.1848E+00    9.1131E+00   
 8.4218E+01    4.3556E+01    5.2351E+01    2.2416E+01    1.7997E+01    1.5022E+01    6.1649E+01    4.8375E+01    1.5338E+01    4.5735E+00    1.5310E+01    6.2713E+00    9.0899E+00   
 8.5313E+01    4.3585E+01    5.2353E+01    2.2335E+01    1.8073E+01    1.4853E+01    6.1661E+01    4.8405E+01    1.5418E+01    4.5735E+00    1.5391E+01    6.2611E+00    9.1131E+00   
 8.6409E+01    4.3592E+01    5.2337E+01    2.2035E+01    1.8053E+01    1.3809E+01    6.1705E+01    4.8490E+01    1.5516E+01    4.5735E+00    1.5249E+01    6.3782E+00    9.0434E+00   
 8.7498E+01    4.3591E+01    5.2334E+01    2.1995E+01    1.8004E+01    1.3266E+01    6.1758E+01    4.8530E+01    1.5554E+01    4.5735E+00    1.5351E+01    6.1950E+00    9.0667E+00   
 8.8584E+01    4.3595E+01    5.2361E+01    2.2358E+01    1.8004E+01    1.3155E+01    6.1772E+01    4.8559E+01    1.5605E+01    4.5939E+00    1.5229E+01    6.2510E+00    8.9967E+00   
 8.9658E+01    4.3557E+01    5.2358E+01    2.2385E+01    1.8156E+01    1.3001E+01    6.1755E+01    4.8610E+01    1.5664E+01    4.6143E+00    1.5412E+01    6.3833E+00    8.9967E+00   
 9.0740E+01    4.3561E+01    5.2388E+01    2.2389E+01    1.8180E+01    1.2948E+01    6.1727E+01    4.8635E+01    1.5644E+01    4.5939E+00    1.5412E+01    6.2051E+00    9.0899E+00   
 9.1827E+01    4.3588E+01    5.2391E+01    2.2294E+01    1.8237E+01    1.2905E+01    6.1723E+01    4.8661E+01    1.5603E+01    4.5939E+00    1.5269E+01    6.3375E+00    9.0434E+00   
 9.2915E+01    4.3595E+01    5.2422E+01    2.2250E+01    1.8157E+01    1.2884E+01    6.1737E+01    4.8651E+01    1.5544E+01    4.5735E+00    1.5330E+01    6.2000E+00    9.1131E+00   
 9.4010E+01    4.3594E+01    5.2435E+01    2.2261E+01    1.7973E+01    1.2838E+01    6.1775E+01    4.8664E+01    1.5489E+01    4.5939E+00    1.5391E+01    6.3782E+00    9.1131E+00   
 9.5107E+01    4.3617E+01    5.2452E+01    2.2431E+01    1.8109E+01    1.2876E+01    6.1782E+01    4.8663E+01    1.5472E+01    4.5939E+00    1.5473E+01    6.2408E+00    9.0667E+00   
 9.6238E+01    4.3609E+01    5.2459E+01    2.2551E+01    1.8107E+01    1.2973E+01    6.1840E+01    4.8667E+01    1.5440E+01    4.5939E+00    1.5330E+01    6.2204E+00    9.0201E+00   
 9.7332E+01    4.3587E+01    5.2447E+01    2.2468E+01    1.8078E+01    1.2921E+01    6.1838E+01    4.8657E+01    1.5416E+01    4.5735E+00    1.5330E+01    6.2764E+00    9.0434E+00   
# Time (s)      T1w (C)       T2w (C)       T1a (C)       T2a (C)       T1r (C)       T2r (C)       T3r (C)       T4r (C)       P1 (bar)      P2 (bar)      Ic (amp)      Qc (l/min)    
 9.8411E+01    4.3567E+01    5.2437E+01    2.2302E+01    1.8033E+01    1.2873E+01    6.1847E+01    4.8658E+01    1.5401E+01    4.5735E+00    1.5493E+01    6.3375E+00    9.0667E+00   
 9.9517E+01    4.3585E+01    5.2444E+01    2.2199E+01    1.7963E+01    1.2869E+01    6.1890E+01    4.8650E+01    1.5433E+01    4.5735E+00    1.5493E+01    6.3986E+00    9.0667E+00   
 1.0060E+02    4.3594E+01    5.2469E+01    2.2148E+01    1.7904E+01    1.2857E+01    6.1920E+01    4.8627E+01    1.5423E+01    4.5939E+00    1.5473E+01    6.2713E+00    9.1131E+00   
 1.0168E+02    4.3582E+01    5.2463E+01    2.2014E+01    1.7948E+01    1.2869E+01    6.1980E+01    4.8646E+01    1.5438E+01    4.5735E+00    1.5432E+01    6.2255E+00    9.0667E+00   
 1.0276E+02    4.3612E+01    5.2470E+01    2.2015E+01    1.7898E+01    1.2833E+01    6.2014E+01    4.8647E+01    1.5420E+01    4.5735E+00    1.5412E+01    6.3630E+00    9.0667E+00   
 1.0384E+02    4.3624E+01    5.2515E+01    2.2257E+01    1.7916E+01    1.2793E+01    6.2048E+01    4.8602E+01    1.5361E+01    4.5735E+00    1.5351E+01    6.2204E+00    9.0667E+00   
 1.0493E+02    4.3629E+01    5.2496E+01    2.2203E+01    1.7846E+01    1.2774E+01    6.2053E+01    4.8564E+01    1.5283E+01    4.5735E+00    1.5391E+01    6.2306E+00    9.0201E+00   
 1.0601E+02    4.3650E+01    5.2504E+01    2.1915E+01    1.7855E+01    1.2748E+01    6.2084E+01    4.8548E+01    1.5213E+01    4.5531E+00    1.5310E+01    6.3070E+00    9.0434E+00   
 1.0710E+02    4.3666E+01    5.2537E+01    2.1971E+01    1.7887E+01    1.2727E+01    6.2064E+01    4.8524E+01    1.5162E+01    4.5735E+00    1.5351E+01    6.2306E+00    9.0201E+00   
 1.0818E+02    4.3659E+01    5.2560E+01    2.2045E+01    1.7955E+01    1.2691E+01    6.2073E+01    4.8481E+01    1.5089E+01    4.5531E+00    1.5310E+01    6.2102E+00    9.0667E+00   
 1.0926E+02    4.3673E+01    5.2568E+01    2.1632E+01    1.7966E+01    1.2681E+01    6.2141E+01    4.8475E+01    1.5044E+01    4.5531E+00    1.5351E+01    6.2306E+00    9.0201E+00   
 1.1034E+02    4.3679E+01    5.2579E+01    2.1543E+01    1.8019E+01    1.2644E+01    6.2133E+01    4.8417E+01    1.4996E+01    4.5531E+00    1.5391E+01    6.2153E+00    9.0434E+00   
 1.1142E+02    4.3678E+01    5.2584E+01    2.1575E+01    1.7918E+01    1.2607E+01    6.2146E+01    4.8396E+01    1.4971E+01    4.5531E+00    1.5391E+01    6.2255E+00    9.0201E+00   
 1.1250E+02    4.3683E+01    5.2598E+01    2.1524E+01    1.7822E+01    1.2618E+01    6.2157E+01    4.8358E+01    1.4911E+01    4.5531E+00    1.5432E+01    6.2510E+00    9.0434E+00   
 1.1358E+02    4.3676E+01    5.2605E+01    2.1521E+01    1.7838E+01    1.2586E+01    6.2151E+01    4.8336E+01    1.4853E+01    4.5531E+00    1.5534E+01    6.2408E+00    9.0667E+00   
 1.1466E+02    4.3700E+01    5.2618E+01    2.1579E+01    1.7884E+01    1.2609E+01    6.2172E+01    4.8306E+01    1.4846E+01    4.5531E+00    1.5534E+01    6.2662E+00    9.0899E+00   
 1.1574E+02    4.3691E+01    5.2638E+01    2.1772E+01    1.7836E+01    1.2628E+01    6.2163E+01    4.8270E+01    1.4769E+01    4.5531E+00    1.5534E+01    6.3782E+00    9.0899E+00   
 1.1682E+02    4.3700E+01    5.2636E+01    2.1772E+01    1.7798E+01    1.2609E+01    6.2179E+01    4.8255E+01    1.4728E+01    4.5531E+00    1.5514E+01    6.2255E+00    9.0899E+00   
 1.1791E+02    4.3718E+01    5.2639E+01    2.1697E+01    1.7754E+01    1.2678E+01    6.2203E+01    4.8250E+01    1.4693E+01    4.5531E+00    1.5391E+01    6.4190E+00    9.0201E+00   
 1.1899E+02    4.3727E+01    5.2670E+01    2.1768E+01    1.7719E+01    1.2698E+01    6.2201E+01    4.8197E+01    1.4654E+01    4.5531E+00    1.5412E+01    6.2510E+00    9.0201E+00   
 1.2008E+02    4.3712E+01    5.2655E+01    2.1714E+01    1.7687E+01    1.2689E+01    6.2182E+01    4.8170E+01    1.4625E+01    4.5327E+00    1.5534E+01    6.4190E+00    9.0434E+00   
 1.2117E+02    4.3755E+01    5.2681E+01    2.1625E+01    1.7710E+01    1.2639E+01    6.2199E+01    4.8148E+01    1.4568E+01    4.5327E+00    1.5371E+01    6.2306E+00    9.0667E+00   
 1.2225E+02    4.3746E+01    5.2673E+01    2.1544E+01    1.7678E+01    1.2647E+01    6.2180E+01    4.8125E+01    1.4524E+01    4.5327E+00    1.5534E+01    6.2408E+00    9.1131E+00   
 1.2334E+02    4.3748E+01    5.2651E+01    2.1449E+01    1.7642E+01    1.2603E+01    6.2145E+01    4.8094E+01    1.4499E+01    4.5123E+00    1.5391E+01    6.2408E+00    9.0899E+00   
 1.2443E+02    4.3770E+01    5.2698E+01    2.1636E+01    1.7608E+01    1.2531E+01    6.2093E+01    4.8060E+01    1.4467E+01    4.5123E+00    1.5432E+01    6.3426E+00    9.1362E+00   
 1.2553E+02    4.3786E+01    5.2716E+01    2.1820E+01    1.7660E+01    1.2545E+01    6.2104E+01    4.8061E+01    1.4450E+01    4.5123E+00    1.5514E+01    6.2255E+00    9.0667E+00   
 1.2662E+02    4.3801E+01    5.2718E+01    2.1726E+01    1.7625E+01    1.2717E+01    6.2146E+01    4.8053E+01    1.4422E+01    4.5123E+00    1.5453E+01    6.3273E+00    9.0899E+00   
 1.2777E+02    4.3820E+01    5.2701E+01    2.1733E+01    1.7691E+01    1.3015E+01    6.2161E+01    4.8058E+01    1.4431E+01    4.5123E+00    1.5575E+01    6.2255E+00    9.0201E+00   
 1.2886E+02    4.3807E+01    5.2708E+01    2.1711E+01    1.7513E+01    1.3126E+01    6.2212E+01    4.8073E+01    1.4434E+01    4.5123E+00    1.5453E+01    6.4088E+00    9.0434E+00   
 1.2996E+02    4.3814E+01    5.2719E+01    2.1728E+01    1.7456E+01    1.3325E+01    6.2221E+01    4.8080E+01    1.4445E+01    4.4919E+00    1.5391E+01    6.2968E+00    9.0667E+00   
# Time (s)      T1w (C)       T2w (C)       T1a (C)       T2a (C)       T1r (C)       T2r (C)       T3r (C)       T4r (C)       P1 (bar)      P2 (bar)      Ic (amp)      Qc (l/min)    
 1.3104E+02    4.3826E+01    5.2732E+01    2.1739E+01    1.7608E+01    1.3496E+01    6.2210E+01    4.8107E+01    1.4492E+01    4.5123E+00    1.5493E+01    6.2255E+00    9.0434E+00   
 1.3214E+02    4.3835E+01    5.2719E+01    2.1700E+01    1.7603E+01    1.3650E+01    6.2212E+01    4.8123E+01    1.4498E+01    4.5123E+00    1.5351E+01    6.3833E+00    9.0434E+00   
 1.3322E+02    4.3864E+01    5.2717E+01    2.1686E+01    1.7499E+01    1.3711E+01    6.2245E+01    4.8135E+01    1.4556E+01    4.5123E+00    1.5351E+01    6.3833E+00    9.0434E+00   
 1.3430E+02    4.3868E+01    5.2739E+01    2.1839E+01    1.7519E+01    1.3850E+01    6.2302E+01    4.8167E+01    1.4608E+01    4.5123E+00    1.5514E+01    6.2153E+00    9.1131E+00   
 1.3539E+02    4.3858E+01    5.2716E+01    2.1766E+01    1.7542E+01    1.3991E+01    6.2304E+01    4.8222E+01    1.4628E+01    4.5123E+00    1.5493E+01    6.2102E+00    9.0667E+00   
 1.3647E+02    4.3857E+01    5.2718E+01    2.1728E+01    1.7510E+01    1.4169E+01    6.2334E+01    4.8278E+01    1.4696E+01    4.5327E+00    1.5371E+01    6.3222E+00    9.0434E+00   
 1.3756E+02    4.3857E+01    5.2707E+01    2.2054E+01    1.7501E+01    1.4262E+01    6.2384E+01    4.8327E+01    1.4763E+01    4.5123E+00    1.5391E+01    6.4088E+00    9.0434E+00   
 1.3865E+02    4.3868E+01    5.2707E+01    2.1782E+01    1.7609E+01    1.4417E+01    6.2450E+01    4.8392E+01    1.4803E+01    4.5327E+00    1.5351E+01    6.3477E+00    9.0899E+00   
 1.3973E+02    4.3896E+01    5.2703E+01    2.1674E+01    1.7612E+01    1.4546E+01    6.2438E+01    4.8436E+01    1.4810E+01    4.5327E+00    1.5290E+01    6.3273E+00    9.0434E+00   
 1.4081E+02    4.3911E+01    5.2702E+01    2.1652E+01    1.7670E+01    1.4613E+01    6.2478E+01    4.8496E+01    1.4860E+01    4.5327E+00    1.5371E+01    6.3782E+00    9.0434E+00   
 1.4189E+02    4.3937E+01    5.2727E+01    2.1680E+01    1.7802E+01    1.4761E+01    6.2516E+01    4.8549E+01    1.4946E+01    4.5327E+00    1.5391E+01    6.2102E+00    9.0899E+00   
 1.4299E+02    4.3928E+01    5.2718E+01    2.1979E+01    1.7837E+01    1.4887E+01    6.2529E+01    4.8592E+01    1.4994E+01    4.5327E+00    1.5554E+01    6.3579E+00    9.1362E+00   
 1.4408E+02    4.3932E+01    5.2729E+01    2.1859E+01    1.7779E+01    1.4978E+01    6.2550E+01    4.8662E+01    1.5025E+01    4.5531E+00    1.5412E+01    6.4139E+00    9.1131E+00   
 1.4516E+02    4.3918E+01    5.2706E+01    2.1838E+01    1.7776E+01    1.5020E+01    6.2467E+01    4.8697E+01    1.5096E+01    4.5531E+00    1.5554E+01    6.3579E+00    9.0667E+00   
 1.4625E+02    4.3921E+01    5.2709E+01    2.1776E+01    1.7730E+01    1.5057E+01    6.2481E+01    4.8707E+01    1.5161E+01    4.5531E+00    1.5412E+01    6.2306E+00    9.1362E+00   
 1.4734E+02    4.3916E+01    5.2711E+01    2.2080E+01    1.7713E+01    1.5085E+01    6.2510E+01    4.8753E+01    1.5190E+01    4.5531E+00    1.5391E+01    6.2204E+00    8.9967E+00   
 1.4842E+02    4.3930E+01    5.2724E+01    2.1978E+01    1.7625E+01    1.5100E+01    6.2542E+01    4.8807E+01    1.5262E+01    4.5531E+00    1.5310E+01    6.2204E+00    9.0899E+00   
 1.4950E+02    4.3935E+01    5.2748E+01    2.1761E+01    1.7746E+01    1.5111E+01    6.2588E+01    4.8819E+01    1.5324E+01    4.5735E+00    1.5493E+01    6.4291E+00    9.0899E+00   
 1.5059E+02    4.3955E+01    5.2755E+01    2.1895E+01    1.7688E+01    1.4990E+01    6.2628E+01    4.8885E+01    1.5388E+01    4.5735E+00    1.5412E+01    6.2510E+00    9.0667E+00   
 1.5168E+02    4.3999E+01    5.2777E+01    2.2228E+01    1.7762E+01    1.4830E+01    6.2663E+01    4.8923E+01    1.5425E+01    4.5735E+00    1.5432E+01    6.3579E+00    9.1131E+00   
 1.5278E+02    4.4035E+01    5.2821E+01    2.2317E+01    1.7699E+01    1.4592E+01    6.2645E+01    4.8967E+01    1.5492E+01    4.5735E+00    1.5453E+01    6.3426E+00    9.0434E+00   
 1.5387E+02    4.4068E+01    5.2851E+01    2.2121E+01    1.7718E+01    1.4378E+01    6.2658E+01    4.8994E+01    1.5547E+01    4.5735E+00    1.5534E+01    6.3935E+00    9.0667E+00   
 1.5499E+02    4.4071E+01    5.2852E+01    2.2026E+01    1.7697E+01    1.3244E+01    6.2700E+01    4.9024E+01    1.5592E+01    4.5939E+00    1.5514E+01    6.3171E+00    9.0667E+00   
 1.5607E+02    4.4038E+01    5.2866E+01    2.1875E+01    1.7784E+01    1.3107E+01    6.2709E+01    4.9082E+01    1.5631E+01    4.5735E+00    1.5493E+01    6.2662E+00    9.0434E+00   
 1.5719E+02    4.4057E+01    5.2895E+01    2.1856E+01    1.7727E+01    1.3019E+01    6.2764E+01    4.9095E+01    1.5654E+01    4.5939E+00    1.5493E+01    6.4342E+00    9.0667E+00   
 1.5827E+02    4.4098E+01    5.2889E+01    2.1861E+01    1.7846E+01    1.2984E+01    6.2792E+01    4.9107E+01    1.5629E+01    4.5939E+00    1.5595E+01    6.4139E+00    9.0667E+00   
 1.5936E+02    4.4097E+01    5.2903E+01    2.1817E+01    1.7916E+01    1.2892E+01    6.2829E+01    4.9102E+01    1.5534E+01    4.5735E+00    1.5493E+01    6.2560E+00    9.0434E+00   
 1.6044E+02    4.4082E+01    5.2921E+01    2.1810E+01    1.7893E+01    1.2822E+01    6.2878E+01    4.9102E+01    1.5523E+01    4.5735E+00    1.5473E+01    6.2815E+00    9.1131E+00   
 1.6152E+02    4.4127E+01    5.2910E+01    2.1795E+01    1.7844E+01    1.2823E+01    6.2892E+01    4.9105E+01    1.5448E+01    4.5735E+00    1.5615E+01    6.2510E+00    9.0899E+00   
 1.6261E+02    4.4120E+01    5.2946E+01    2.1748E+01    1.7866E+01    1.2800E+01    6.2904E+01    4.9075E+01    1.5379E+01    4.5735E+00    1.5493E+01    6.2611E+00    9.0667E+00   
# Time (s)      T1w (C)       T2w (C)       T1a (C)       T2a (C)       T1r (C)       T2r (C)       T3r (C)       T4r (C)       P1 (bar)      P2 (bar)      Ic (amp)      Qc (l/min)    
 1.6369E+02    4.4132E+01    5.2948E+01    2.1875E+01    1.7882E+01    1.2795E+01    6.2914E+01    4.9075E+01    1.5308E+01    4.5735E+00    1.5676E+01    6.2713E+00    9.0899E+00   
 1.6478E+02    4.4136E+01    5.2984E+01    2.1915E+01    1.7787E+01    1.2773E+01    6.2914E+01    4.9041E+01    1.5265E+01    4.5735E+00    1.5493E+01    6.3630E+00    9.0201E+00   
 1.6587E+02    4.4105E+01    5.2970E+01    2.1942E+01    1.7758E+01    1.2780E+01    6.2930E+01    4.9040E+01    1.5242E+01    4.5735E+00    1.5554E+01    6.3324E+00    9.0667E+00   
 1.6697E+02    4.4130E+01    5.2978E+01    2.1881E+01    1.7768E+01    1.2748E+01    6.2928E+01    4.9017E+01    1.5200E+01    4.5531E+00    1.5534E+01    6.3884E+00    9.0667E+00   
 1.6805E+02    4.4106E+01    5.2983E+01    2.1721E+01    1.7763E+01    1.2802E+01    6.2931E+01    4.8981E+01    1.5197E+01    4.5531E+00    1.5453E+01    6.4495E+00    9.0434E+00   
 1.6913E+02    4.4134E+01    5.3012E+01    2.1704E+01    1.7767E+01    1.2785E+01    6.2986E+01    4.8972E+01    1.5176E+01    4.5531E+00    1.5514E+01    6.4190E+00    9.0667E+00   
 1.7021E+02    4.4136E+01    5.3007E+01    2.1650E+01    1.7825E+01    1.2764E+01    6.2941E+01    4.8947E+01    1.5161E+01    4.5531E+00    1.5575E+01    6.4240E+00    9.0201E+00   
 1.7129E+02    4.4137E+01    5.3029E+01    2.1817E+01    1.7777E+01    1.2756E+01    6.2931E+01    4.8927E+01    1.5154E+01    4.5531E+00    1.5554E+01    6.4444E+00    9.0899E+00   
 1.7238E+02    4.4170E+01    5.3052E+01    2.1715E+01    1.7766E+01    1.2782E+01    6.2959E+01    4.8913E+01    1.5128E+01    4.5531E+00    1.5636E+01    6.4342E+00    9.0434E+00   
 1.7346E+02    4.4156E+01    5.3056E+01    2.1620E+01    1.7739E+01    1.2768E+01    6.2934E+01    4.8865E+01    1.5075E+01    4.5531E+00    1.5595E+01    6.3120E+00    9.0667E+00   
 1.7455E+02    4.4179E+01    5.3063E+01    2.1769E+01    1.7683E+01    1.2742E+01    6.2966E+01    4.8853E+01    1.5040E+01    4.5735E+00    1.5575E+01    6.2611E+00    9.0667E+00   
 1.7564E+02    4.4163E+01    5.3057E+01    2.1672E+01    1.7755E+01    1.2743E+01    6.2977E+01    4.8808E+01    1.5002E+01    4.5735E+00    1.5656E+01    6.2611E+00    9.1131E+00   
 1.7672E+02    4.4163E+01    5.3048E+01    2.1701E+01    1.7752E+01    1.2730E+01    6.3015E+01    4.8777E+01    1.4949E+01    4.5531E+00    1.5717E+01    6.2662E+00    9.1131E+00   
 1.7780E+02    4.4134E+01    5.3066E+01    2.1555E+01    1.7796E+01    1.2704E+01    6.3083E+01    4.8765E+01    1.4882E+01    4.5531E+00    1.5656E+01    6.2662E+00    9.1131E+00   
 1.7888E+02    4.4134E+01    5.3035E+01    2.1724E+01    1.7788E+01    1.2676E+01    6.3090E+01    4.8726E+01    1.4821E+01    4.5531E+00    1.5595E+01    6.4291E+00    9.0667E+00   
 1.7997E+02    4.4140E+01    5.3040E+01    2.1461E+01    1.7715E+01    1.2650E+01    6.3098E+01    4.8679E+01    1.4782E+01    4.5531E+00    1.5717E+01    6.2662E+00    9.1131E+00   
 1.8106E+02    4.4148E+01    5.3058E+01    2.1478E+01    1.7696E+01    1.2633E+01    6.3130E+01    4.8646E+01    1.4723E+01    4.5327E+00    1.5554E+01    6.2815E+00    9.0899E+00   
 1.8215E+02    4.4166E+01    5.3071E+01    2.1575E+01    1.7654E+01    1.2597E+01    6.3142E+01    4.8630E+01    1.4675E+01    4.5327E+00    1.5595E+01    6.4240E+00    9.0667E+00   
 1.8325E+02    4.4194E+01    5.3080E+01    2.1708E+01    1.7614E+01    1.2613E+01    6.3138E+01    4.8580E+01    1.4629E+01    4.5327E+00    1.5636E+01    6.2968E+00    9.0434E+00   
 1.8437E+02    4.4236E+01    5.3107E+01    2.1833E+01    1.7662E+01    1.2664E+01    6.3139E+01    4.8560E+01    1.4599E+01    4.5327E+00    1.5656E+01    6.2611E+00    9.0899E+00   
 1.8546E+02    4.4233E+01    5.3092E+01    2.2021E+01    1.7603E+01    1.2748E+01    6.3158E+01    4.8533E+01    1.4572E+01    4.5327E+00    1.5575E+01    6.2917E+00    9.0667E+00   
 1.8661E+02    4.4264E+01    5.3115E+01    2.1979E+01    1.7626E+01    1.2739E+01    6.3133E+01    4.8523E+01    1.4534E+01    4.5327E+00    1.5554E+01    6.3324E+00    9.0667E+00   
 1.8769E+02    4.4259E+01    5.3120E+01    2.2046E+01    1.7618E+01    1.2842E+01    6.3138E+01    4.8493E+01    1.4494E+01    4.5327E+00    1.5595E+01    6.2713E+00    9.0434E+00   
 1.8878E+02    4.4242E+01    5.3124E+01    2.2028E+01    1.7575E+01    1.3007E+01    6.3130E+01    4.8475E+01    1.4490E+01    4.5327E+00    1.5676E+01    6.2713E+00    9.0899E+00   
 1.8987E+02    4.4242E+01    5.3119E+01    2.2097E+01    1.7598E+01    1.3174E+01    6.3152E+01    4.8473E+01    1.4480E+01    4.5123E+00    1.5697E+01    6.2713E+00    9.1362E+00   
 1.9095E+02    4.4267E+01    5.3138E+01    2.1891E+01    1.7580E+01    1.3169E+01    6.3139E+01    4.8457E+01    1.4524E+01    4.5327E+00    1.5534E+01    6.3070E+00    9.0434E+00   
 1.9204E+02    4.4257E+01    5.3119E+01    2.1838E+01    1.7601E+01    1.2987E+01    6.3135E+01    4.8456E+01    1.4540E+01    4.5123E+00    1.5697E+01    6.4495E+00    9.0434E+00   
 1.9313E+02    4.4270E+01    5.3139E+01    2.1764E+01    1.7543E+01    1.3156E+01    6.3157E+01    4.8451E+01    1.4531E+01    4.5327E+00    1.5656E+01    6.4342E+00    9.0434E+00   
 1.9421E+02    4.4256E+01    5.3134E+01    2.1812E+01    1.7607E+01    1.3273E+01    6.3176E+01    4.8476E+01    1.4548E+01    4.5327E+00    1.5595E+01    6.4088E+00    9.0667E+00   
 1.9529E+02    4.4273E+01    5.3133E+01    2.1863E+01    1.7605E+01    1.3532E+01    6.3177E+01    4.8484E+01    1.4571E+01    4.5123E+00    1.5595E+01    6.4444E+00    9.0201E+00   
# Time (s)      T1w (C)       T2w (C)       T1a (C)       T2a (C)       T1r (C)       T2r (C)       T3r (C)       T4r (C)       P1 (bar)      P2 (bar)      Ic (amp)      Qc (l/min)    
 1.9637E+02    4.4282E+01    5.3134E+01    2.1794E+01    1.7608E+01    1.3740E+01    6.3199E+01    4.8516E+01    1.4632E+01    4.5327E+00    1.5575E+01    6.4444E+00    9.0667E+00   
 1.9745E+02    4.4302E+01    5.3131E+01    2.1795E+01    1.7524E+01    1.3926E+01    6.3235E+01    4.8537E+01    1.4645E+01    4.5123E+00    1.5595E+01    6.3986E+00    9.1362E+00   
 1.9853E+02    4.4308E+01    5.3128E+01    2.1827E+01    1.7538E+01    1.4012E+01    6.3224E+01    4.8580E+01    1.4726E+01    4.5327E+00    1.5697E+01    6.2815E+00    9.1593E+00   
 1.9962E+02    4.4319E+01    5.3157E+01    2.1779E+01    1.7521E+01    1.4177E+01    6.3238E+01    4.8624E+01    1.4780E+01    4.5327E+00    1.5595E+01    6.2560E+00    9.1362E+00   
 2.0071E+02    4.4321E+01    5.3126E+01    2.1790E+01    1.7482E+01    1.4300E+01    6.3259E+01    4.8673E+01    1.4810E+01    4.5327E+00    1.5676E+01    6.2713E+00    9.0201E+00   
 2.0180E+02    4.4336E+01    5.3144E+01    2.1684E+01    1.7528E+01    1.4389E+01    6.3289E+01    4.8750E+01    1.4867E+01    4.5327E+00    1.5554E+01    6.4342E+00    9.0201E+00   
 2.0288E+02    4.4344E+01    5.3145E+01    2.1768E+01    1.7544E+01    1.4569E+01    6.3270E+01    4.8766E+01    1.4910E+01    4.5531E+00    1.5595E+01    6.4240E+00    9.0899E+00   
 2.0396E+02    4.4342E+01    5.3148E+01    2.1868E+01    1.7550E+01    1.4739E+01    6.3301E+01    4.8812E+01    1.4939E+01    4.5327E+00    1.5758E+01    6.4546E+00    9.0667E+00   
 2.0505E+02    4.4362E+01    5.3163E+01    2.1788E+01    1.7570E+01    1.4867E+01    6.3340E+01    4.8859E+01    1.4990E+01    4.5327E+00    1.5595E+01    6.4393E+00    9.0201E+00   
 2.0614E+02    4.4373E+01    5.3179E+01    2.1827E+01    1.7573E+01    1.4923E+01    6.3387E+01    4.8910E+01    1.5057E+01    4.5531E+00    1.5575E+01    6.4088E+00    9.0434E+00   
 2.0722E+02    4.4365E+01    5.3184E+01    2.1969E+01    1.7563E+01    1.5025E+01    6.3424E+01    4.8944E+01    1.5134E+01    4.5531E+00    1.5554E+01    6.2815E+00    9.0899E+00   
 2.0831E+02    4.4389E+01    5.3196E+01    2.1889E+01    1.7536E+01    1.5098E+01    6.3456E+01    4.8994E+01    1.5205E+01    4.5531E+00    1.5615E+01    6.2917E+00    9.0899E+00   
 2.0942E+02    4.4392E+01    5.3221E+01    2.1691E+01    1.7639E+01    1.5161E+01    6.3490E+01    4.9045E+01    1.5237E+01    4.5735E+00    1.5575E+01    6.4190E+00    9.0667E+00   
 2.1052E+02    4.4377E+01    5.3208E+01    2.1618E+01    1.7625E+01    1.5171E+01    6.3561E+01    4.9090E+01    1.5299E+01    4.5531E+00    1.5615E+01    6.3222E+00    9.0201E+00   
 2.1163E+02    4.4372E+01    5.3211E+01    2.1735E+01    1.7664E+01    1.5163E+01    6.3574E+01    4.9117E+01    1.5381E+01    4.5735E+00    1.5656E+01    6.3833E+00    9.0201E+00   
 2.1272E+02    4.4412E+01    5.3248E+01    2.1704E+01    1.7680E+01    1.5010E+01    6.3565E+01    4.9178E+01    1.5452E+01    4.5735E+00    1.5717E+01    6.2917E+00    9.0667E+00   
 2.1387E+02    4.4422E+01    5.3237E+01    2.1657E+01    1.7724E+01    1.4714E+01    6.3611E+01    4.9235E+01    1.5485E+01    4.5735E+00    1.5738E+01    6.2815E+00    9.0899E+00   
 2.1496E+02    4.4425E+01    5.3247E+01    2.1567E+01    1.7863E+01    1.4222E+01    6.3627E+01    4.9281E+01    1.5547E+01    4.5939E+00    1.5615E+01    6.4495E+00    9.0899E+00   
 2.1605E+02    4.4427E+01    5.3262E+01    2.2000E+01    1.7778E+01    1.3526E+01    6.3657E+01    4.9294E+01    1.5626E+01    4.5939E+00    1.5697E+01    6.3019E+00    9.0667E+00   
 2.1713E+02    4.4438E+01    5.3261E+01    2.1995E+01    1.7770E+01    1.3311E+01    6.3675E+01    4.9338E+01    1.5676E+01    4.5939E+00    1.5738E+01    6.3477E+00    9.1362E+00   
 2.1821E+02    4.4431E+01    5.3265E+01    2.1906E+01    1.7797E+01    1.3168E+01    6.3666E+01    4.9353E+01    1.5687E+01    4.6143E+00    1.5595E+01    6.3375E+00    9.1131E+00   
 2.1930E+02    4.4441E+01    5.3284E+01    2.1828E+01    1.7803E+01    1.3079E+01    6.3666E+01    4.9349E+01    1.5671E+01    4.5939E+00    1.5778E+01    6.2917E+00    8.9967E+00   
 2.2039E+02    4.4472E+01    5.3298E+01    2.1798E+01    1.7799E+01    1.2976E+01    6.3653E+01    4.9353E+01    1.5589E+01    4.6143E+00    1.5595E+01    6.2764E+00    9.0667E+00   
 2.2148E+02    4.4478E+01    5.3302E+01    2.1725E+01    1.7866E+01    1.2969E+01    6.3672E+01    4.9366E+01    1.5552E+01    4.5939E+00    1.5595E+01    6.2713E+00    9.0899E+00   
 2.2256E+02    4.4491E+01    5.3333E+01    2.1865E+01    1.7848E+01    1.2934E+01    6.3711E+01    4.9385E+01    1.5442E+01    4.5939E+00    1.5636E+01    6.3120E+00    9.0667E+00   
 2.2364E+02    4.4513E+01    5.3362E+01    2.1804E+01    1.7902E+01    1.2897E+01    6.3698E+01    4.9371E+01    1.5377E+01    4.5939E+00    1.5778E+01    6.3528E+00    9.0434E+00   
 2.2472E+02    4.4501E+01    5.3354E+01    2.1765E+01    1.7970E+01    1.2866E+01    6.3721E+01    4.9406E+01    1.5329E+01    4.5735E+00    1.5819E+01    6.3222E+00    9.0201E+00   
 2.2580E+02    4.4488E+01    5.3371E+01    2.1531E+01    1.7887E+01    1.2790E+01    6.3702E+01    4.9387E+01    1.5319E+01    4.5735E+00    1.5819E+01    6.3579E+00    9.1362E+00   
 2.2688E+02    4.4495E+01    5.3371E+01    2.1440E+01    1.7960E+01    1.2759E+01    6.3733E+01    4.9365E+01    1.5275E+01    4.5735E+00    1.5656E+01    6.3324E+00    9.1131E+00   
 2.2797E+02    4.4495E+01    5.3399E+01    2.1547E+01    1.7890E+01    1.2759E+01    6.3770E+01    4.9354E+01    1.5265E+01    4.5735E+00    1.5839E+01    6.2866E+00    9.0434E+00   
# Time (s)      T1w (C)       T2w (C)       T1a (C)       T2a (C)       T1r (C)       T2r (C)       T3r (C)       T4r (C)       P1 (bar)      P2 (bar)      Ic (amp)      Qc (l/min)    
 2.2906E+02    4.4498E+01    5.3405E+01    2.1634E+01    1.7771E+01    1.2741E+01    6.3802E+01    4.9327E+01    1.5216E+01    4.5531E+00    1.5676E+01    6.2968E+00    9.0434E+00   
 2.3014E+02    4.4500E+01    5.3433E+01    2.1524E+01    1.7760E+01    1.2758E+01    6.3799E+01    4.9320E+01    1.5207E+01    4.5735E+00    1.5819E+01    6.3731E+00    9.1362E+00   
 2.3123E+02    4.4517E+01    5.3418E+01    2.1522E+01    1.7830E+01    1.2782E+01    6.3858E+01    4.9322E+01    1.5184E+01    4.5735E+00    1.5738E+01    6.2968E+00    9.0899E+00   
 2.3231E+02    4.4556E+01    5.3423E+01    2.1543E+01    1.7772E+01    1.2810E+01    6.3839E+01    4.9280E+01    1.5134E+01    4.5531E+00    1.5758E+01    6.2968E+00    9.0899E+00   
 2.3339E+02    4.4567E+01    5.3437E+01    2.1680E+01    1.7773E+01    1.2810E+01    6.3851E+01    4.9252E+01    1.5100E+01    4.5531E+00    1.5738E+01    6.2917E+00    9.1131E+00   
 2.3447E+02    4.4553E+01    5.3438E+01    2.1801E+01    1.7784E+01    1.2789E+01    6.3895E+01    4.9226E+01    1.5060E+01    4.5531E+00    1.5697E+01    6.2866E+00    9.1131E+00   
 2.3555E+02    4.4590E+01    5.3450E+01    2.1761E+01    1.7823E+01    1.2759E+01    6.3919E+01    4.9192E+01    1.5012E+01    4.5531E+00    1.5656E+01    6.4902E+00    9.0899E+00   
 2.3664E+02    4.4576E+01    5.3461E+01    2.1708E+01    1.7868E+01    1.2775E+01    6.3930E+01    4.9186E+01    1.4978E+01    4.5327E+00    1.5717E+01    6.3070E+00    9.0899E+00   
 2.3774E+02    4.4590E+01    5.3457E+01    2.1682E+01    1.7721E+01    1.2691E+01    6.3933E+01    4.9136E+01    1.4953E+01    4.5531E+00    1.5738E+01    6.4037E+00    9.0899E+00   
 2.3883E+02    4.4605E+01    5.3461E+01    2.1682E+01    1.7704E+01    1.2665E+01    6.3930E+01    4.9090E+01    1.4878E+01    4.5531E+00    1.5819E+01    6.4037E+00    9.0899E+00   
 2.3993E+02    4.4573E+01    5.3463E+01    2.1613E+01    1.7637E+01    1.2708E+01    6.3885E+01    4.9064E+01    1.4830E+01    4.5531E+00    1.5778E+01    6.4495E+00    9.0667E+00   
 2.4105E+02    4.4602E+01    5.3461E+01    2.1583E+01    1.7684E+01    1.2703E+01    6.3878E+01    4.9005E+01    1.4782E+01    4.5531E+00    1.5676E+01    6.3477E+00    9.0201E+00   
 2.4214E+02    4.4582E+01    5.3458E+01    2.1752E+01    1.7683E+01    1.2670E+01    6.3879E+01    4.9006E+01    1.4736E+01    4.5531E+00    1.5799E+01    6.4953E+00    9.0434E+00   
 2.4324E+02    4.4607E+01    5.3477E+01    2.1734E+01    1.7657E+01    1.2663E+01    6.3895E+01    4.8963E+01    1.4687E+01    4.5327E+00    1.5758E+01    6.3782E+00    8.9732E+00   
 2.4433E+02    4.4585E+01    5.3455E+01    2.1612E+01    1.7689E+01    1.2685E+01    6.3945E+01    4.8951E+01    1.4650E+01    4.5327E+00    1.5860E+01    6.4902E+00    9.0434E+00   
 2.4544E+02    4.4614E+01    5.3468E+01    2.1690E+01    1.7656E+01    1.2626E+01    6.3954E+01    4.8895E+01    1.4592E+01    4.5327E+00    1.5717E+01    6.4190E+00    9.0434E+00   
 2.4653E+02    4.4591E+01    5.3450E+01    2.1746E+01    1.7571E+01    1.2633E+01    6.3987E+01    4.8898E+01    1.4584E+01    4.5327E+00    1.5758E+01    6.4953E+00    9.0667E+00   
 2.4762E+02    4.4580E+01    5.3465E+01    2.1838E+01    1.7623E+01    1.2657E+01    6.4021E+01    4.8895E+01    1.4554E+01    4.5327E+00    1.5676E+01    6.3375E+00    9.0899E+00   
 2.4871E+02    4.4618E+01    5.3476E+01    2.1749E+01    1.7477E+01    1.2755E+01    6.4020E+01    4.8857E+01    1.4512E+01    4.5327E+00    1.5819E+01    6.2917E+00    9.0201E+00   
 2.4979E+02    4.4606E+01    5.3480E+01    2.1711E+01    1.7512E+01    1.2934E+01    6.4021E+01    4.8849E+01    1.4504E+01    4.5327E+00    1.5636E+01    6.2917E+00    9.1362E+00   
 2.5088E+02    4.4607E+01    5.3507E+01    2.1568E+01    1.7549E+01    1.2898E+01    6.4078E+01    4.8847E+01    1.4520E+01    4.5327E+00    1.5880E+01    6.4088E+00    9.0899E+00   
 2.5197E+02    4.4614E+01    5.3503E+01    2.1455E+01    1.7487E+01    1.2901E+01    6.4038E+01    4.8834E+01    1.4511E+01    4.5327E+00    1.5819E+01    6.2917E+00    9.0434E+00   
 2.5307E+02    4.4615E+01    5.3480E+01    2.1494E+01    1.7549E+01    1.3138E+01    6.4022E+01    4.8853E+01    1.4555E+01    4.5327E+00    1.5819E+01    6.4648E+00    9.1362E+00   
 2.5417E+02    4.4615E+01    5.3492E+01    2.1711E+01    1.7517E+01    1.3319E+01    6.4014E+01    4.8855E+01    1.4564E+01    4.5327E+00    1.5615E+01    6.4851E+00    9.0434E+00   
 2.5526E+02    4.4623E+01    5.3485E+01    2.1930E+01    1.7542E+01    1.3410E+01    6.4040E+01    4.8883E+01    1.4611E+01    4.5327E+00    1.5880E+01    6.3986E+00    9.0667E+00   
 2.5635E+02    4.4636E+01    5.3491E+01    2.1886E+01    1.7579E+01    1.3446E+01    6.4054E+01    4.8900E+01    1.4676E+01    4.5327E+00    1.5697E+01    6.2815E+00    9.1131E+00   
 2.5744E+02    4.4638E+01    5.3499E+01    2.1795E+01    1.7513E+01    1.3543E+01    6.4065E+01    4.8908E+01    1.4701E+01    4.5327E+00    1.5839E+01    6.3426E+00    9.1131E+00   
 2.5852E+02    4.4639E+01    5.3494E+01    2.1806E+01    1.7599E+01    1.3704E+01    6.4103E+01    4.8920E+01    1.4716E+01    4.5327E+00    1.5738E+01    6.4342E+00    9.0667E+00   
 2.5961E+02    4.4641E+01    5.3488E+01    2.1836E+01    1.7724E+01    1.3801E+01    6.4072E+01    4.8951E+01    1.4731E+01    4.5327E+00    1.5819E+01    6.4699E+00    9.0667E+00   
 2.6070E+02    4.4649E+01    5.3492E+01    2.1861E+01    1.7615E+01    1.4034E+01    6.4115E+01    4.8988E+01    1.4789E+01    4.5327E+00    1.5778E+01    6.2917E+00    9.0899E+00   
# Time (s)      T1w (C)       T2w (C)       T1a (C)       T2a (C)       T1r (C)       T2r (C)       T3r (C)       T4r (C)       P1 (bar)      P2 (bar)      Ic (amp)      Qc (l/min)    
 2.6179E+02    4.4666E+01    5.3504E+01    2.1919E+01    1.7672E+01    1.4248E+01    6.4139E+01    4.9014E+01    1.4848E+01    4.5531E+00    1.5697E+01    6.3070E+00    9.0899E+00   
 2.6288E+02    4.4669E+01    5.3502E+01    2.1897E+01    1.7629E+01    1.4394E+01    6.4124E+01    4.9063E+01    1.4879E+01    4.5531E+00    1.5758E+01    6.2917E+00    9.0667E+00   
 2.6397E+02    4.4700E+01    5.3524E+01    2.2083E+01    1.7667E+01    1.4455E+01    6.4116E+01    4.9124E+01    1.4945E+01    4.5327E+00    1.5839E+01    6.3986E+00    9.0667E+00   
 2.6506E+02    4.4710E+01    5.3535E+01    2.2022E+01    1.7774E+01    1.4570E+01    6.4118E+01    4.9117E+01    1.4969E+01    4.5531E+00    1.5656E+01    6.4546E+00    9.0201E+00   
 2.6616E+02    4.4738E+01    5.3533E+01    2.1795E+01    1.7776E+01    1.4676E+01    6.4133E+01    4.9184E+01    1.5013E+01    4.5531E+00    1.5839E+01    6.3273E+00    9.0434E+00   
 2.6724E+02    4.4755E+01    5.3562E+01    2.1692E+01    1.7768E+01    1.4786E+01    6.4147E+01    4.9216E+01    1.5039E+01    4.5735E+00    1.5860E+01    6.3579E+00    9.0434E+00   
 2.6836E+02    4.4740E+01    5.3545E+01    2.1727E+01    1.7687E+01    1.4868E+01    6.4194E+01    4.9278E+01    1.5095E+01    4.5531E+00    1.5676E+01    6.2917E+00    9.0899E+00   
 2.6945E+02    4.4742E+01    5.3565E+01    2.1902E+01    1.7683E+01    1.4959E+01    6.4246E+01    4.9282E+01    1.5160E+01    4.5735E+00    1.5738E+01    6.4902E+00    9.0899E+00   
 2.7056E+02    4.4753E+01    5.3582E+01    2.2128E+01    1.7712E+01    1.5031E+01    6.4268E+01    4.9353E+01    1.5230E+01    4.5735E+00    1.5758E+01    6.4037E+00    9.0667E+00   
 2.7164E+02    4.4773E+01    5.3575E+01    2.2261E+01    1.7753E+01    1.5052E+01    6.4283E+01    4.9396E+01    1.5257E+01    4.5735E+00    1.5758E+01    6.3324E+00    9.0667E+00   
