# Run number 03 on Fri May 17 12:31:19 2024
# Time (s)      T1w (C)       T2w (C)       T1a (C)       T2a (C)       T1r (C)       T2r (C)       T3r (C)       T4r (C)       P1 (bar)      P2 (bar)      Ic (amp)      Qc (l/min)    
 3.2598E-01    4.8136E+01    4.8102E+01    2.1678E+01    2.1597E+01    2.1719E+01    5.6421E+01    4.3482E+01    1.9461E+01    8.6136E+00    8.8762E+00    3.1557E+00    8.9967E+00   
 1.4633E+00    4.8120E+01    4.7625E+01    2.1619E+01    2.1607E+01    3.0283E+01    5.6276E+01    4.3433E+01    2.0285E+01    9.3482E+00    9.2834E+00    3.1252E+00    9.0899E+00   
 2.5494E+00    4.8123E+01    4.6922E+01    2.1639E+01    2.1654E+01    3.2520E+01    5.6549E+01    4.3357E+01    2.1314E+01    9.2461E+00    9.1816E+00    3.1608E+00    9.0899E+00   
 3.6417E+00    4.8111E+01    4.5495E+01    2.1720E+01    2.1757E+01    3.2537E+01    5.6518E+01    4.3286E+01    2.1851E+01    8.9605E+00    8.8966E+00    3.1659E+00    9.0667E+00   
 4.7109E+00    4.8114E+01    4.4482E+01    2.1741E+01    2.1640E+01    3.2441E+01    5.5821E+01    4.3198E+01    2.2915E+01    8.6748E+00    8.6116E+00    3.1557E+00    9.1362E+00   
 5.8050E+00    4.8090E+01    4.3900E+01    2.1837E+01    2.1409E+01    3.2148E+01    5.5003E+01    4.3153E+01    2.3937E+01    8.3891E+00    8.3469E+00    3.1507E+00    9.0899E+00   
 6.8942E+00    4.8078E+01    4.3028E+01    2.2040E+01    2.1340E+01    3.1870E+01    5.4614E+01    4.3076E+01    2.4859E+01    8.1647E+00    8.1433E+00    3.1659E+00    9.0434E+00   
 7.9824E+00    4.8062E+01    4.2528E+01    2.2225E+01    2.1470E+01    3.1644E+01    5.3884E+01    4.2998E+01    2.5245E+01    7.9810E+00    7.9804E+00    3.1150E+00    9.0434E+00   
 9.0634E+00    4.8051E+01    4.2446E+01    2.2280E+01    2.1472E+01    3.1561E+01    5.3310E+01    4.2963E+01    2.5947E+01    7.8586E+00    7.8582E+00    3.1659E+00    9.0899E+00   
 1.0150E+01    4.8034E+01    4.2515E+01    2.2375E+01    2.1562E+01    3.1395E+01    5.2907E+01    4.2864E+01    2.6560E+01    7.7770E+00    7.7972E+00    3.1099E+00    9.0667E+00   
 1.1241E+01    4.8027E+01    4.2765E+01    2.2562E+01    2.1587E+01    3.1289E+01    5.2733E+01    4.2792E+01    2.6793E+01    7.7566E+00    7.7564E+00    3.1659E+00    9.0201E+00   
 1.2327E+01    4.8033E+01    4.3240E+01    2.2663E+01    2.1547E+01    3.1166E+01    5.2516E+01    4.2729E+01    2.7224E+01    7.7566E+00    7.7564E+00    3.1150E+00    9.0434E+00   
 1.3422E+01    4.7996E+01    4.3798E+01    2.2628E+01    2.1677E+01    3.1107E+01    5.2358E+01    4.2693E+01    2.7582E+01    7.7566E+00    7.7564E+00    3.1099E+00    9.0667E+00   
 1.4498E+01    4.7954E+01    4.4084E+01    2.2561E+01    2.1614E+01    3.0980E+01    5.2315E+01    4.2625E+01    2.7791E+01    7.7362E+00    7.7564E+00    3.1557E+00    9.0667E+00   
 1.5583E+01    4.7938E+01    4.4650E+01    2.2588E+01    2.1829E+01    3.0872E+01    5.2193E+01    4.2574E+01    2.7858E+01    7.7566E+00    7.7564E+00    3.1354E+00    9.0201E+00   
 1.6672E+01    4.7923E+01    4.5150E+01    2.2616E+01    2.1847E+01    3.0821E+01    5.2051E+01    4.2486E+01    2.8042E+01    7.7566E+00    7.7564E+00    3.1252E+00    9.0899E+00   
 1.7767E+01    4.7903E+01    4.5554E+01    2.2643E+01    2.1828E+01    3.0761E+01    5.1959E+01    4.2463E+01    2.8241E+01    7.7566E+00    7.7768E+00    3.1557E+00    9.0667E+00   
 1.8855E+01    4.7857E+01    4.5725E+01    2.2896E+01    2.1774E+01    3.0702E+01    5.1904E+01    4.2405E+01    2.8371E+01    7.7566E+00    7.7768E+00    3.1659E+00    9.0667E+00   
 1.9952E+01    4.7835E+01    4.5995E+01    2.2729E+01    2.1796E+01    3.0679E+01    5.1817E+01    4.2341E+01    2.8448E+01    7.7566E+00    7.7768E+00    3.1557E+00    9.0434E+00   
 2.1042E+01    4.7814E+01    4.6200E+01    2.2670E+01    2.1907E+01    3.0694E+01    5.1706E+01    4.2275E+01    2.8564E+01    7.7770E+00    7.7768E+00    3.1150E+00    9.0434E+00   
 2.2127E+01    4.7792E+01    4.6286E+01    2.2567E+01    2.1906E+01    3.0623E+01    5.1597E+01    4.2241E+01    2.8637E+01    7.7770E+00    7.7768E+00    3.1150E+00    9.0201E+00   
 2.3207E+01    4.7745E+01    4.6445E+01    2.2578E+01    2.1938E+01    3.0585E+01    5.1551E+01    4.2154E+01    2.8677E+01    7.7770E+00    7.7972E+00    3.1252E+00    9.0667E+00   
 2.4305E+01    4.7750E+01    4.6565E+01    2.2617E+01    2.1843E+01    3.0565E+01    5.1454E+01    4.2073E+01    2.8712E+01    7.7770E+00    7.7972E+00    3.1608E+00    9.0434E+00   
 2.5393E+01    4.7728E+01    4.6664E+01    2.2685E+01    2.2089E+01    3.0580E+01    5.1350E+01    4.2062E+01    2.8781E+01    7.7770E+00    7.7972E+00    3.1099E+00    9.0667E+00   
 2.6474E+01    4.7716E+01    4.6726E+01    2.2696E+01    2.1901E+01    3.0568E+01    5.1283E+01    4.1992E+01    2.8827E+01    7.7770E+00    7.7972E+00    3.1557E+00    9.0201E+00   
 2.7560E+01    4.7679E+01    4.6776E+01    2.2635E+01    2.1891E+01    3.0568E+01    5.1248E+01    4.1948E+01    2.8860E+01    7.7974E+00    7.7972E+00    3.1354E+00    9.0201E+00   
 2.8649E+01    4.7665E+01    4.6808E+01    2.2645E+01    2.1893E+01    3.0544E+01    5.1162E+01    4.1868E+01    2.8896E+01    7.7974E+00    7.7972E+00    3.1048E+00    9.0899E+00   
 2.9745E+01    4.7615E+01    4.6841E+01    2.2696E+01    2.1870E+01    3.0544E+01    5.1089E+01    4.1854E+01    2.8935E+01    7.7974E+00    7.8175E+00    3.1150E+00    9.0201E+00   
 3.0858E+01    4.7544E+01    4.6825E+01    2.2783E+01    2.1869E+01    3.0523E+01    5.0988E+01    4.1788E+01    2.8977E+01    7.7974E+00    7.8175E+00    3.1507E+00    9.0667E+00   
 3.1961E+01    4.7490E+01    4.6821E+01    2.2854E+01    2.1892E+01    3.0506E+01    5.0953E+01    4.1712E+01    2.8991E+01    7.7974E+00    7.8175E+00    3.2067E+00    9.0434E+00   
# Time (s)      T1w (C)       T2w (C)       T1a (C)       T2a (C)       T1r (C)       T2r (C)       T3r (C)       T4r (C)       P1 (bar)      P2 (bar)      Ic (amp)      Qc (l/min)    
 3.3121E+01    4.7471E+01    4.6851E+01    2.2730E+01    2.1890E+01    3.0526E+01    5.0881E+01    4.1658E+01    2.9008E+01    7.7974E+00    7.8175E+00    3.1557E+00    8.9967E+00   
 3.4204E+01    4.7419E+01    4.6854E+01    2.2697E+01    2.1833E+01    3.0524E+01    5.0803E+01    4.1633E+01    2.9048E+01    7.7974E+00    7.8175E+00    3.2168E+00    8.9967E+00   
 3.5280E+01    4.7406E+01    4.6856E+01    2.2603E+01    2.1824E+01    3.0526E+01    5.0725E+01    4.1559E+01    2.9079E+01    7.7974E+00    7.8175E+00    3.1812E+00    9.0434E+00   
 3.6347E+01    4.7357E+01    4.6882E+01    2.2583E+01    2.1797E+01    3.0545E+01    5.0693E+01    4.1516E+01    2.9089E+01    7.7974E+00    7.8175E+00    3.2067E+00    9.0434E+00   
 3.7431E+01    4.7345E+01    4.6876E+01    2.2683E+01    2.1804E+01    3.0527E+01    5.0613E+01    4.1460E+01    2.9107E+01    7.8178E+00    7.8175E+00    3.1710E+00    8.9967E+00   
 3.8502E+01    4.7276E+01    4.6861E+01    2.2697E+01    2.1825E+01    3.0545E+01    5.0547E+01    4.1436E+01    2.9141E+01    7.7974E+00    7.8175E+00    3.1608E+00    8.9732E+00   
 3.9573E+01    4.7186E+01    4.6831E+01    2.2663E+01    2.1800E+01    3.0517E+01    5.0511E+01    4.1368E+01    2.9159E+01    7.8178E+00    7.8175E+00    3.1659E+00    9.0434E+00   
 4.0662E+01    4.7142E+01    4.6798E+01    2.2732E+01    2.1686E+01    3.0492E+01    5.0428E+01    4.1312E+01    2.9151E+01    7.8178E+00    7.8175E+00    3.1557E+00    9.0434E+00   
 4.1754E+01    4.7064E+01    4.6773E+01    2.2999E+01    2.1679E+01    3.0508E+01    5.0347E+01    4.1289E+01    2.9169E+01    7.8178E+00    7.8175E+00    3.2067E+00    9.0667E+00   
 4.2851E+01    4.7020E+01    4.6773E+01    2.2814E+01    2.1633E+01    3.0500E+01    5.0281E+01    4.1216E+01    2.9177E+01    7.8178E+00    7.8379E+00    3.1507E+00    9.0201E+00   
 4.3941E+01    4.6970E+01    4.6735E+01    2.2710E+01    2.1744E+01    3.0456E+01    5.0239E+01    4.1150E+01    2.9185E+01    7.8178E+00    7.8175E+00    3.1557E+00    9.0434E+00   
 4.5021E+01    4.6942E+01    4.6731E+01    2.2725E+01    2.1749E+01    3.0432E+01    5.0162E+01    4.1102E+01    2.9196E+01    7.8178E+00    7.8175E+00    3.1812E+00    9.0667E+00   
 4.6107E+01    4.6907E+01    4.6690E+01    2.2876E+01    2.1901E+01    3.0414E+01    5.0070E+01    4.1051E+01    2.9167E+01    7.8178E+00    7.8379E+00    3.2067E+00    9.0201E+00   
 4.7198E+01    4.6872E+01    4.6698E+01    2.2883E+01    2.1792E+01    3.0383E+01    4.9979E+01    4.0982E+01    2.9176E+01    7.8178E+00    7.8379E+00    3.2067E+00    9.0667E+00   
 4.8286E+01    4.6854E+01    4.6660E+01    2.2983E+01    2.1772E+01    3.0359E+01    4.9958E+01    4.0905E+01    2.9181E+01    7.8178E+00    7.8379E+00    3.1608E+00    9.0434E+00   
 4.9373E+01    4.6805E+01    4.6599E+01    2.2934E+01    2.1706E+01    3.0336E+01    4.9852E+01    4.0807E+01    2.9165E+01    7.8178E+00    7.8379E+00    3.1507E+00    9.0434E+00   
 5.0461E+01    4.6744E+01    4.6566E+01    2.3060E+01    2.1803E+01    3.0316E+01    4.9784E+01    4.0812E+01    2.9176E+01    7.8178E+00    7.8379E+00    3.1608E+00    9.0899E+00   
 5.1550E+01    4.6692E+01    4.6538E+01    2.3000E+01    2.1952E+01    3.0290E+01    4.9740E+01    4.0746E+01    2.9174E+01    7.8178E+00    7.8379E+00    3.1608E+00    8.9967E+00   
 5.2631E+01    4.6672E+01    4.6520E+01    2.2833E+01    2.2221E+01    3.0299E+01    4.9688E+01    4.0697E+01    2.9197E+01    7.8178E+00    7.8379E+00    3.1761E+00    9.0899E+00   
 5.3710E+01    4.6627E+01    4.6491E+01    2.2723E+01    2.2101E+01    3.0293E+01    4.9626E+01    4.0674E+01    2.9191E+01    7.8178E+00    7.8379E+00    3.2117E+00    9.0434E+00   
 5.4798E+01    4.6559E+01    4.6498E+01    2.2609E+01    2.2061E+01    3.0293E+01    4.9569E+01    4.0609E+01    2.9195E+01    7.8178E+00    7.8379E+00    3.1965E+00    9.0667E+00   
 5.5879E+01    4.6531E+01    4.6450E+01    2.2518E+01    2.2241E+01    3.0272E+01    4.9537E+01    4.0570E+01    2.9192E+01    7.8178E+00    7.8175E+00    3.2117E+00    9.0201E+00   
 5.6967E+01    4.6494E+01    4.6438E+01    2.2459E+01    2.2253E+01    3.0247E+01    4.9476E+01    4.0496E+01    2.9194E+01    7.8178E+00    7.8175E+00    3.2067E+00    9.0434E+00   
 5.8060E+01    4.6468E+01    4.6411E+01    2.2435E+01    2.2054E+01    3.0251E+01    4.9408E+01    4.0451E+01    2.9186E+01    7.8178E+00    7.8379E+00    3.1608E+00    9.0667E+00   
 5.9157E+01    4.6416E+01    4.6396E+01    2.2440E+01    2.1939E+01    3.0243E+01    4.9313E+01    4.0416E+01    2.9198E+01    7.8178E+00    7.8175E+00    3.1863E+00    9.0667E+00   
 6.0254E+01    4.6384E+01    4.6396E+01    2.2479E+01    2.1980E+01    3.0201E+01    4.9291E+01    4.0343E+01    2.9176E+01    7.8178E+00    7.8175E+00    3.1761E+00    9.0434E+00   
 6.1350E+01    4.6349E+01    4.6356E+01    2.2516E+01    2.1945E+01    3.0195E+01    4.9209E+01    4.0305E+01    2.9180E+01    7.8178E+00    7.8175E+00    3.2067E+00    9.0201E+00   
 6.2493E+01    4.6289E+01    4.6345E+01    2.2482E+01    2.1905E+01    3.0184E+01    4.9150E+01    4.0260E+01    2.9175E+01    7.7974E+00    7.8175E+00    3.1710E+00    9.0434E+00   
 6.3581E+01    4.6239E+01    4.6339E+01    2.2474E+01    2.1773E+01    3.0177E+01    4.9089E+01    4.0215E+01    2.9171E+01    7.7974E+00    7.8175E+00    3.1914E+00    9.0667E+00   
 6.4694E+01    4.6203E+01    4.6307E+01    2.2640E+01    2.1798E+01    3.0165E+01    4.9069E+01    4.0159E+01    2.9160E+01    7.8178E+00    7.8175E+00    3.1710E+00    9.0434E+00   
# Time (s)      T1w (C)       T2w (C)       T1a (C)       T2a (C)       T1r (C)       T2r (C)       T3r (C)       T4r (C)       P1 (bar)      P2 (bar)      Ic (amp)      Qc (l/min)    
 6.5777E+01    4.6200E+01    4.6295E+01    2.2552E+01    2.1826E+01    3.0147E+01    4.8986E+01    4.0082E+01    2.9162E+01    7.7974E+00    7.8175E+00    3.1507E+00    9.1362E+00   
 6.6848E+01    4.6179E+01    4.6263E+01    2.2576E+01    2.1814E+01    3.0125E+01    4.8924E+01    4.0069E+01    2.9149E+01    7.7974E+00    7.8175E+00    3.1965E+00    9.0899E+00   
 6.7938E+01    4.6145E+01    4.6251E+01    2.2655E+01    2.2013E+01    3.0128E+01    4.8857E+01    4.0020E+01    2.9134E+01    7.7974E+00    7.8175E+00    3.1659E+00    9.0667E+00   
 6.9024E+01    4.6124E+01    4.6214E+01    2.2765E+01    2.2106E+01    3.0113E+01    4.8806E+01    3.9970E+01    2.9138E+01    7.7974E+00    7.8175E+00    3.1608E+00    9.0201E+00   
 7.0105E+01    4.6113E+01    4.6157E+01    2.2852E+01    2.2223E+01    3.0096E+01    4.8772E+01    3.9923E+01    2.9152E+01    7.7974E+00    7.8175E+00    3.1507E+00    9.1362E+00   
 7.1185E+01    4.6077E+01    4.6166E+01    2.2900E+01    2.1985E+01    3.0114E+01    4.8705E+01    3.9905E+01    2.9135E+01    7.7974E+00    7.8175E+00    3.1557E+00    9.0667E+00   
 7.2264E+01    4.6026E+01    4.6124E+01    2.2808E+01    2.1935E+01    3.0119E+01    4.8703E+01    3.9850E+01    2.9133E+01    7.7974E+00    7.8175E+00    3.1812E+00    9.0434E+00   
 7.3344E+01    4.6004E+01    4.6094E+01    2.2907E+01    2.2118E+01    3.0127E+01    4.8646E+01    3.9821E+01    2.9151E+01    7.7974E+00    7.8175E+00    3.1863E+00    9.0667E+00   
 7.4426E+01    4.5978E+01    4.6065E+01    2.2870E+01    2.2073E+01    3.0114E+01    4.8578E+01    3.9798E+01    2.9147E+01    7.7974E+00    7.7972E+00    3.2016E+00    9.0201E+00   
 7.5514E+01    4.5963E+01    4.6030E+01    2.2827E+01    2.2122E+01    3.0139E+01    4.8537E+01    3.9754E+01    2.9161E+01    7.7974E+00    7.8175E+00    3.1507E+00    8.9967E+00   
 7.6601E+01    4.5944E+01    4.6002E+01    2.2775E+01    2.2244E+01    3.0126E+01    4.8502E+01    3.9708E+01    2.9169E+01    7.7974E+00    7.8175E+00    3.1812E+00    9.0667E+00   
 7.7689E+01    4.5923E+01    4.5976E+01    2.2720E+01    2.2115E+01    3.0118E+01    4.8435E+01    3.9683E+01    2.9157E+01    7.7974E+00    7.8175E+00    3.1863E+00    9.0667E+00   
 7.8770E+01    4.5904E+01    4.5940E+01    2.2698E+01    2.2376E+01    3.0130E+01    4.8403E+01    3.9663E+01    2.9171E+01    7.7974E+00    7.8175E+00    3.2067E+00    9.0434E+00   
 7.9850E+01    4.5849E+01    4.5942E+01    2.2631E+01    2.2463E+01    3.0146E+01    4.8386E+01    3.9627E+01    2.9177E+01    7.7974E+00    7.7972E+00    3.2117E+00    9.0201E+00   
 8.0942E+01    4.5855E+01    4.5939E+01    2.2237E+01    2.5083E+01    3.0124E+01    4.8332E+01    3.9573E+01    2.9143E+01    7.7566E+00    7.7768E+00    3.1914E+00    9.0667E+00   
 8.2018E+01    4.5794E+01    4.5885E+01    2.2049E+01    2.6966E+01    3.0118E+01    4.8270E+01    3.9510E+01    2.9024E+01    7.7158E+00    7.7157E+00    3.2525E+00    9.0201E+00   
 8.3105E+01    4.5753E+01    4.5856E+01    2.1825E+01    2.7081E+01    3.0150E+01    4.8271E+01    3.9495E+01    2.8862E+01    7.6342E+00    7.6546E+00    3.1965E+00    9.0201E+00   
 8.4193E+01    4.5716E+01    4.5839E+01    2.2031E+01    2.7053E+01    3.0162E+01    4.8255E+01    3.9407E+01    2.8785E+01    7.5730E+00    7.5936E+00    3.1456E+00    8.9967E+00   
 8.5282E+01    4.5679E+01    4.5803E+01    2.2125E+01    2.6876E+01    3.0262E+01    4.8295E+01    3.9308E+01    2.8754E+01    7.5321E+00    7.5325E+00    3.1557E+00    9.0899E+00   
 8.6377E+01    4.5679E+01    4.5764E+01    2.2168E+01    2.6770E+01    3.0311E+01    4.8280E+01    3.9251E+01    2.8697E+01    7.4709E+00    7.4714E+00    3.1405E+00    9.0434E+00   
 8.7466E+01    4.5633E+01    4.5745E+01    2.2411E+01    2.6544E+01    3.0397E+01    4.8315E+01    3.9145E+01    2.8665E+01    7.4097E+00    7.4307E+00    3.1914E+00    9.0667E+00   
 8.8562E+01    4.5608E+01    4.5672E+01    2.2783E+01    2.6453E+01    3.0489E+01    4.8290E+01    3.9040E+01    2.8652E+01    7.3689E+00    7.3696E+00    3.1557E+00    9.0667E+00   
 8.9657E+01    4.5587E+01    4.5636E+01    2.3114E+01    2.6245E+01    3.0517E+01    4.8257E+01    3.8931E+01    2.8607E+01    7.3281E+00    7.3289E+00    3.1710E+00    9.0434E+00   
 9.0753E+01    4.5524E+01    4.5576E+01    2.2829E+01    2.6043E+01    3.0526E+01    4.8244E+01    3.8869E+01    2.8582E+01    7.2873E+00    7.2882E+00    3.1405E+00    8.9967E+00   
 9.1882E+01    4.5471E+01    4.5552E+01    2.2587E+01    2.5888E+01    3.0546E+01    4.8210E+01    3.8764E+01    2.8500E+01    7.2465E+00    7.2474E+00    3.1812E+00    9.0201E+00   
 9.2971E+01    4.5439E+01    4.5508E+01    2.2599E+01    2.5800E+01    3.0574E+01    4.8192E+01    3.8679E+01    2.8494E+01    7.2057E+00    7.2067E+00    3.1965E+00    9.0434E+00   
 9.4091E+01    4.5413E+01    4.5468E+01    2.2634E+01    2.5673E+01    3.0563E+01    4.8176E+01    3.8551E+01    2.8419E+01    7.1649E+00    7.1660E+00    3.1812E+00    9.0201E+00   
 9.5182E+01    4.5360E+01    4.5437E+01    2.2663E+01    2.5521E+01    3.0567E+01    4.8121E+01    3.8492E+01    2.8363E+01    7.1241E+00    7.1253E+00    3.1456E+00    9.0201E+00   
 9.6268E+01    4.5345E+01    4.5456E+01    2.2832E+01    2.5434E+01    3.0601E+01    4.8078E+01    3.8395E+01    2.8310E+01    7.1037E+00    7.1049E+00    3.1456E+00    8.9732E+00   
 9.7349E+01    4.5320E+01    4.5406E+01    2.2694E+01    2.5351E+01    3.0625E+01    4.8080E+01    3.8291E+01    2.8294E+01    7.0628E+00    7.0642E+00    3.1659E+00    9.1131E+00   
# Time (s)      T1w (C)       T2w (C)       T1a (C)       T2a (C)       T1r (C)       T2r (C)       T3r (C)       T4r (C)       P1 (bar)      P2 (bar)      Ic (amp)      Qc (l/min)    
 9.8437E+01    4.5309E+01    4.5373E+01    2.2638E+01    2.5223E+01    3.0636E+01    4.8043E+01    3.8199E+01    2.8235E+01    7.0220E+00    7.0438E+00    3.1812E+00    9.0899E+00   
 9.9524E+01    4.5295E+01    4.5341E+01    2.2658E+01    2.5112E+01    3.0635E+01    4.8018E+01    3.8161E+01    2.7821E+01    7.0016E+00    7.0235E+00    3.1405E+00    9.0899E+00   
 1.0061E+02    4.5252E+01    4.5304E+01    2.2333E+01    2.5074E+01    3.0649E+01    4.7960E+01    3.8089E+01    2.7031E+01    6.9812E+00    6.9828E+00    3.1405E+00    9.0201E+00   
 1.0169E+02    4.5216E+01    4.5273E+01    2.2284E+01    2.4995E+01    3.0667E+01    4.7943E+01    3.8144E+01    2.6791E+01    6.9608E+00    6.9624E+00    3.1608E+00    9.0434E+00   
 1.0278E+02    4.5173E+01    4.5232E+01    2.2229E+01    2.4893E+01    3.0707E+01    4.7918E+01    3.8293E+01    2.6438E+01    6.9404E+00    6.9624E+00    3.1557E+00    9.0434E+00   
 1.0387E+02    4.5131E+01    4.5208E+01    2.2310E+01    2.4811E+01    3.0747E+01    4.7877E+01    3.8378E+01    2.6171E+01    6.9404E+00    6.9420E+00    3.1659E+00    9.0201E+00   
 1.0496E+02    4.5091E+01    4.5152E+01    2.2283E+01    2.4809E+01    3.0782E+01    4.7851E+01    3.8617E+01    2.5934E+01    6.9200E+00    6.9217E+00    3.1965E+00    9.0201E+00   
 1.0605E+02    4.5066E+01    4.5109E+01    2.2251E+01    2.4715E+01    3.0801E+01    4.7807E+01    3.8841E+01    2.5837E+01    6.8996E+00    6.9013E+00    3.1507E+00    9.0201E+00   
 1.0714E+02    4.5051E+01    4.5066E+01    2.2202E+01    2.4652E+01    3.0809E+01    4.7778E+01    3.8892E+01    2.5664E+01    6.8792E+00    6.8810E+00    3.1507E+00    9.0667E+00   
 1.0824E+02    4.5037E+01    4.5063E+01    2.2118E+01    2.4595E+01    3.0832E+01    4.7742E+01    3.8786E+01    2.5522E+01    6.8792E+00    6.8810E+00    3.1608E+00    9.0201E+00   
 1.0933E+02    4.4995E+01    4.5015E+01    2.2042E+01    2.4550E+01    3.0850E+01    4.7720E+01    3.8704E+01    2.5448E+01    6.8588E+00    6.8606E+00    3.1608E+00    9.0434E+00   
 1.1041E+02    4.4987E+01    4.4976E+01    2.2091E+01    2.4519E+01    3.0852E+01    4.7668E+01    3.8622E+01    2.5309E+01    6.8384E+00    6.8403E+00    3.1507E+00    9.0667E+00   
 1.1149E+02    4.4972E+01    4.4927E+01    2.2142E+01    2.4474E+01    3.0850E+01    4.7616E+01    3.8587E+01    2.5178E+01    6.8384E+00    6.8403E+00    3.1456E+00    9.0667E+00   
 1.1257E+02    4.4913E+01    4.4907E+01    2.2316E+01    2.4481E+01    3.0874E+01    4.7607E+01    3.8390E+01    2.5084E+01    6.8180E+00    6.8199E+00    3.1914E+00    9.0434E+00   
 1.1365E+02    4.4883E+01    4.4887E+01    2.2090E+01    2.4451E+01    3.0904E+01    4.7547E+01    3.7356E+01    2.5033E+01    6.8180E+00    6.8199E+00    3.1456E+00    9.0667E+00   
 1.1475E+02    4.4844E+01    4.4829E+01    2.2031E+01    2.4359E+01    3.0888E+01    4.7515E+01    3.4551E+01    2.4923E+01    6.7976E+00    6.7995E+00    3.2016E+00    9.0667E+00   
 1.1585E+02    4.4824E+01    4.4802E+01    2.2037E+01    2.4319E+01    3.0887E+01    4.7460E+01    3.3736E+01    2.4826E+01    6.7976E+00    6.7995E+00    3.1507E+00    9.0434E+00   
 1.1694E+02    4.4794E+01    4.4793E+01    2.2106E+01    2.4307E+01    3.0895E+01    4.7433E+01    3.2375E+01    2.4747E+01    6.7772E+00    6.7792E+00    3.2016E+00    9.0201E+00   
 1.1804E+02    4.4795E+01    4.4758E+01    2.2028E+01    2.4223E+01    3.0881E+01    4.7372E+01    3.1603E+01    2.4707E+01    6.7568E+00    6.7588E+00    3.1507E+00    8.9967E+00   
 1.1913E+02    4.4765E+01    4.4735E+01    2.1936E+01    2.4185E+01    3.0906E+01    4.7366E+01    3.0797E+01    2.4651E+01    6.7568E+00    6.7588E+00    3.1710E+00    9.0667E+00   
 1.2022E+02    4.4733E+01    4.4746E+01    2.1863E+01    2.4195E+01    3.0881E+01    4.7288E+01    3.0365E+01    2.4572E+01    6.7364E+00    6.7385E+00    6.2357E+00    9.0434E+00   
 1.2136E+02    4.4729E+01    4.4720E+01    2.1705E+01    2.4132E+01    3.0843E+01    4.7278E+01    2.9358E+01    2.4481E+01    6.7160E+00    6.7181E+00    6.1491E+00    9.0434E+00   
 1.2245E+02    4.4723E+01    4.4692E+01    2.1753E+01    2.4158E+01    3.0969E+01    4.7211E+01    2.8396E+01    2.4425E+01    6.3079E+00    8.1840E+00    5.0495E+00    9.0434E+00   
 1.2358E+02    4.4699E+01    4.4673E+01    2.1760E+01    2.4027E+01    3.1381E+01    4.7467E+01    2.8429E+01    2.4142E+01    6.1446E+00    9.8128E+00    5.3601E+00    9.0434E+00   
 1.2467E+02    4.4667E+01    4.4695E+01    2.1964E+01    2.3834E+01    3.0428E+01    4.7887E+01    2.9602E+01    2.3791E+01    5.9814E+00    1.1177E+01    5.5382E+00    9.0201E+00   
 1.2575E+02    4.4635E+01    4.4714E+01    2.1981E+01    2.3647E+01    2.5049E+01    4.8340E+01    2.9970E+01    2.3460E+01    5.7774E+00    1.2093E+01    5.7011E+00    8.9967E+00   
 1.2684E+02    4.4619E+01    4.4780E+01    2.1930E+01    2.3345E+01    2.2273E+01    4.9426E+01    2.9484E+01    2.3330E+01    5.6753E+00    1.2602E+01    5.9353E+00    9.0667E+00   
 1.2793E+02    4.4587E+01    4.4937E+01    2.1992E+01    2.3135E+01    2.1670E+01    5.0441E+01    2.8973E+01    2.3050E+01    5.6345E+00    1.2887E+01    5.9862E+00    8.9732E+00   
 1.2901E+02    4.4555E+01    4.5189E+01    2.1856E+01    2.2866E+01    2.0962E+01    5.1352E+01    2.8698E+01    2.2738E+01    5.6141E+00    1.3152E+01    6.0677E+00    9.0434E+00   
 1.3009E+02    4.4558E+01    4.5878E+01    2.1784E+01    2.2744E+01    2.0432E+01    5.1736E+01    2.8222E+01    2.2567E+01    5.5529E+00    1.3376E+01    6.0168E+00    8.9967E+00   
# Time (s)      T1w (C)       T2w (C)       T1a (C)       T2a (C)       T1r (C)       T2r (C)       T3r (C)       T4r (C)       P1 (bar)      P2 (bar)      Ic (amp)      Qc (l/min)    
 1.3117E+02    4.4528E+01    4.6542E+01    2.1807E+01    2.2509E+01    1.9978E+01    5.2515E+01    2.7864E+01    2.2261E+01    5.4917E+00    1.3579E+01    5.9862E+00    9.0201E+00   
 1.3226E+02    4.4454E+01    4.7237E+01    2.1692E+01    2.2217E+01    1.9768E+01    5.3172E+01    2.7707E+01    2.1910E+01    5.4713E+00    1.3844E+01    6.1033E+00    8.9967E+00   
 1.3335E+02    4.4418E+01    4.7562E+01    2.1487E+01    2.2007E+01    1.9365E+01    5.3785E+01    2.7500E+01    2.1570E+01    5.3897E+00    1.3926E+01    6.2000E+00    9.0434E+00   
 1.3444E+02    4.4376E+01    4.8196E+01    2.1535E+01    2.1931E+01    1.8973E+01    5.4057E+01    2.7324E+01    2.1381E+01    5.3693E+00    1.4088E+01    6.2408E+00    9.0434E+00   
 1.3554E+02    4.4376E+01    4.8727E+01    2.1675E+01    2.1769E+01    1.8654E+01    5.4578E+01    2.7233E+01    2.1050E+01    5.3285E+00    1.4129E+01    6.2204E+00    9.0667E+00   
 1.3663E+02    4.4351E+01    4.9164E+01    2.1761E+01    2.1578E+01    1.8495E+01    5.5077E+01    2.7212E+01    2.0747E+01    5.2876E+00    1.4231E+01    6.2051E+00    8.9967E+00   
 1.3771E+02    4.4346E+01    4.9379E+01    2.2085E+01    2.1581E+01    1.8198E+01    5.5323E+01    2.7225E+01    2.0477E+01    5.2468E+00    1.4333E+01    6.2560E+00    9.0434E+00   
 1.3879E+02    4.4329E+01    4.9710E+01    2.1966E+01    2.1326E+01    1.7938E+01    5.5727E+01    2.7333E+01    2.0355E+01    5.2264E+00    1.4394E+01    6.2917E+00    9.0434E+00   
 1.3987E+02    4.4298E+01    4.9989E+01    2.1938E+01    2.1146E+01    1.7845E+01    5.6168E+01    2.7530E+01    2.0111E+01    5.2060E+00    1.4455E+01    6.2662E+00    9.0434E+00   
 1.4095E+02    4.4265E+01    5.0108E+01    2.1767E+01    2.0912E+01    1.7627E+01    5.6520E+01    2.7674E+01    1.9854E+01    5.1652E+00    1.4536E+01    6.1491E+00    9.0434E+00   
 1.4206E+02    4.4216E+01    5.0327E+01    2.2010E+01    2.0829E+01    1.7358E+01    5.6696E+01    2.8109E+01    1.9627E+01    5.1652E+00    1.4577E+01    6.2408E+00    9.0201E+00   
 1.4315E+02    4.4215E+01    5.0484E+01    2.1867E+01    2.0668E+01    1.7110E+01    5.7020E+01    2.8807E+01    1.9507E+01    5.1040E+00    1.4577E+01    6.1440E+00    9.0201E+00   
 1.4424E+02    4.4182E+01    5.0618E+01    2.1865E+01    2.0586E+01    1.6936E+01    5.7302E+01    2.9244E+01    1.9338E+01    5.0632E+00    1.4597E+01    6.1288E+00    9.0201E+00   
 1.4533E+02    4.4154E+01    5.0680E+01    2.1927E+01    2.0415E+01    1.6696E+01    5.7614E+01    3.0399E+01    1.9194E+01    5.0428E+00    1.4638E+01    6.2917E+00    9.0201E+00   
 1.4643E+02    4.4140E+01    5.0812E+01    2.1780E+01    2.0301E+01    1.6554E+01    5.7776E+01    3.1894E+01    1.9136E+01    5.0224E+00    1.4720E+01    6.1644E+00    8.9967E+00   
 1.4752E+02    4.4142E+01    5.0943E+01    2.1813E+01    2.0170E+01    1.6341E+01    5.8077E+01    3.3641E+01    1.9044E+01    4.9816E+00    1.4760E+01    6.1593E+00    9.0201E+00   
 1.4864E+02    4.4124E+01    5.1052E+01    2.1776E+01    2.0164E+01    1.6280E+01    5.8399E+01    3.4588E+01    1.8993E+01    4.9612E+00    1.4760E+01    6.2764E+00    9.0201E+00   
 1.4973E+02    4.4105E+01    5.1113E+01    2.1741E+01    1.9988E+01    1.6125E+01    5.8660E+01    3.6547E+01    1.8956E+01    4.9204E+00    1.4801E+01    6.1950E+00    9.0201E+00   
 1.5087E+02    4.4086E+01    5.1190E+01    2.1834E+01    1.9921E+01    1.6044E+01    5.8802E+01    3.8421E+01    1.8924E+01    4.9612E+00    1.4964E+01    6.1695E+00    9.0434E+00   
 1.5195E+02    4.4073E+01    5.1303E+01    2.1814E+01    1.9991E+01    1.5979E+01    5.9061E+01    4.0204E+01    1.8872E+01    4.9612E+00    1.4882E+01    6.2611E+00    9.0667E+00   
 1.5304E+02    4.4056E+01    5.1375E+01    2.1838E+01    2.0004E+01    1.5906E+01    5.9242E+01    4.1198E+01    1.8773E+01    4.9000E+00    1.4923E+01    6.1950E+00    9.0434E+00   
 1.5412E+02    4.4024E+01    5.1416E+01    2.1900E+01    1.9938E+01    1.5738E+01    5.9454E+01    4.3385E+01    1.8748E+01    4.9204E+00    1.4862E+01    6.2000E+00    9.0434E+00   
 1.5520E+02    4.3980E+01    5.1492E+01    2.1756E+01    1.9923E+01    1.5643E+01    5.9529E+01    4.5495E+01    1.8702E+01    4.9408E+00    1.5045E+01    6.3375E+00    9.0434E+00   
 1.5629E+02    4.3947E+01    5.1555E+01    2.1992E+01    1.9973E+01    1.5611E+01    5.9714E+01    4.6936E+01    1.8594E+01    4.9204E+00    1.5045E+01    6.2611E+00    9.0434E+00   
 1.5737E+02    4.3895E+01    5.1654E+01    2.2157E+01    1.9894E+01    1.5664E+01    5.9893E+01    4.7493E+01    1.8449E+01    4.9204E+00    1.4984E+01    6.3935E+00    9.1131E+00   
 1.5844E+02    4.3881E+01    5.1662E+01    2.2255E+01    1.9925E+01    1.5651E+01    5.9981E+01    4.8277E+01    1.8308E+01    4.9204E+00    1.5005E+01    6.4037E+00    9.0667E+00   
 1.5952E+02    4.3852E+01    5.1728E+01    2.2267E+01    1.9924E+01    1.5554E+01    6.0140E+01    4.8828E+01    1.8244E+01    4.8796E+00    1.5208E+01    6.2611E+00    9.0899E+00   
 1.6061E+02    4.3763E+01    5.1852E+01    2.2381E+01    1.9787E+01    1.5386E+01    6.0444E+01    4.9365E+01    1.8064E+01    4.8796E+00    1.5249E+01    6.3273E+00    9.0899E+00   
 1.6282E+02    4.3717E+01    5.1902E+01    2.2317E+01    1.9819E+01    1.5330E+01    6.0452E+01    4.9603E+01    1.8026E+01    4.9000E+00    1.5229E+01    6.3833E+00    9.1131E+00   
 1.6392E+02    4.3678E+01    5.1965E+01    2.1849E+01    1.9750E+01    1.5357E+01    6.0576E+01    4.9794E+01    1.7958E+01    4.9000E+00    1.5290E+01    6.4444E+00    9.0434E+00   
# Time (s)      T1w (C)       T2w (C)       T1a (C)       T2a (C)       T1r (C)       T2r (C)       T3r (C)       T4r (C)       P1 (bar)      P2 (bar)      Ic (amp)      Qc (l/min)    
 1.6501E+02    4.3646E+01    5.2019E+01    2.1860E+01    1.9726E+01    1.5348E+01    6.0638E+01    4.9921E+01    1.7897E+01    4.8796E+00    1.5167E+01    6.2459E+00    9.0667E+00   
 1.6611E+02    4.3615E+01    5.2034E+01    2.2053E+01    1.9606E+01    1.5261E+01    6.0765E+01    4.9993E+01    1.7840E+01    4.8796E+00    1.5351E+01    6.3324E+00    9.0667E+00   
 1.6720E+02    4.3603E+01    5.2099E+01    2.1804E+01    1.9713E+01    1.5236E+01    6.0837E+01    5.0078E+01    1.7801E+01    4.8796E+00    1.5290E+01    6.3528E+00    9.0899E+00   
 1.6829E+02    4.3599E+01    5.2138E+01    2.1794E+01    1.9573E+01    1.5178E+01    6.0947E+01    5.0113E+01    1.7738E+01    4.8796E+00    1.5249E+01    6.2662E+00    9.0899E+00   
