# Run number 02 on Fri May 17 11:59:14 2024
# Time (s)      T1w (C)       T2w (C)       T1a (C)       T2a (C)       T1r (C)       T2r (C)       T3r (C)       T4r (C)       P1 (bar)      P2 (bar)      Ic (amp)      Qc (l/min)    
 3.2897E-01    3.9625E+01    3.9560E+01    2.2805E+01    2.2534E+01    2.6940E+01    3.5065E+01    2.9153E+01    2.5033E+01    6.9200E+00    6.9420E+00    3.1812E+00    9.1131E+00   
 1.4683E+00    3.9619E+01    3.9542E+01    2.2611E+01    2.3793E+01    2.6953E+01    3.5075E+01    2.9162E+01    2.5033E+01    6.9200E+00    6.9420E+00    3.1761E+00    9.0899E+00   
 2.5624E+00    3.9627E+01    3.9552E+01    2.1961E+01    2.4510E+01    2.6953E+01    3.5078E+01    2.9157E+01    2.4990E+01    6.8996E+00    6.9013E+00    3.2067E+00    9.0899E+00   
 3.6426E+00    3.9631E+01    3.9535E+01    2.1628E+01    2.4620E+01    2.6964E+01    3.5067E+01    2.9144E+01    2.4941E+01    6.8588E+00    6.8810E+00    3.1405E+00    9.0667E+00   
 4.7378E+00    3.9603E+01    3.9545E+01    2.1398E+01    2.4590E+01    2.6942E+01    3.5026E+01    2.9129E+01    2.4884E+01    6.8384E+00    6.8403E+00    3.1405E+00    9.0434E+00   
 5.8281E+00    3.9614E+01    3.9525E+01    2.1340E+01    2.4516E+01    2.6910E+01    3.5012E+01    2.9090E+01    2.4831E+01    6.7976E+00    6.8199E+00    3.1456E+00    9.0667E+00   
 6.9231E+00    3.9617E+01    3.9545E+01    2.1332E+01    2.4378E+01    2.6880E+01    3.4946E+01    2.9035E+01    2.4824E+01    6.7772E+00    6.7792E+00    3.1761E+00    9.0667E+00   
 8.0193E+00    3.9582E+01    3.9513E+01    2.1366E+01    2.4284E+01    2.6868E+01    3.4960E+01    2.8992E+01    2.4803E+01    6.7568E+00    6.7588E+00    3.1354E+00    9.0434E+00   
 9.1003E+00    3.9565E+01    3.9506E+01    2.1327E+01    2.4179E+01    2.6843E+01    3.4928E+01    2.8965E+01    2.4808E+01    6.7160E+00    6.7385E+00    3.1761E+00    9.0667E+00   
 1.0203E+01    3.9570E+01    3.9495E+01    2.1284E+01    2.4084E+01    2.6828E+01    3.4898E+01    2.8949E+01    2.4800E+01    6.6956E+00    6.7181E+00    3.1608E+00    9.0667E+00   
 1.1300E+01    3.9556E+01    3.9500E+01    2.1252E+01    2.4024E+01    2.6821E+01    3.4880E+01    2.8915E+01    2.4783E+01    6.6752E+00    6.6977E+00    3.1354E+00    9.1131E+00   
 1.2396E+01    3.9538E+01    3.9503E+01    2.1234E+01    2.3883E+01    2.6817E+01    3.4885E+01    2.8912E+01    2.4775E+01    6.6548E+00    6.6570E+00    3.1456E+00    9.0434E+00   
 1.3493E+01    3.9554E+01    3.9515E+01    2.1330E+01    2.3844E+01    2.6803E+01    3.4856E+01    2.8889E+01    2.4767E+01    6.6343E+00    6.6570E+00    3.1812E+00    9.0434E+00   
 1.4573E+01    3.9575E+01    3.9506E+01    2.1556E+01    2.3760E+01    2.6795E+01    3.4852E+01    2.8856E+01    2.4756E+01    6.6139E+00    6.6367E+00    3.1405E+00    9.0899E+00   
 1.5661E+01    3.9565E+01    3.9526E+01    2.1654E+01    2.3716E+01    2.6785E+01    3.4842E+01    2.8834E+01    2.4742E+01    6.5935E+00    6.6163E+00    3.1354E+00    9.0434E+00   
 1.6757E+01    3.9595E+01    3.9519E+01    2.1599E+01    2.3672E+01    2.6788E+01    3.4806E+01    2.8803E+01    2.4712E+01    6.5935E+00    6.5959E+00    3.1863E+00    9.1131E+00   
 1.7852E+01    3.9581E+01    3.9519E+01    2.1534E+01    2.3616E+01    2.6772E+01    3.4808E+01    2.8788E+01    2.4678E+01    6.5731E+00    6.5959E+00    3.1863E+00    9.0434E+00   
 1.8948E+01    3.9578E+01    3.9511E+01    2.1483E+01    2.3560E+01    2.6767E+01    3.4765E+01    2.8771E+01    2.4644E+01    6.5527E+00    6.5756E+00    3.1812E+00    9.1131E+00   
 2.0045E+01    3.9566E+01    3.9517E+01    2.1512E+01    2.3500E+01    2.6760E+01    3.4773E+01    2.8727E+01    2.4641E+01    6.5527E+00    6.5552E+00    3.1456E+00    9.0667E+00   
 2.1141E+01    3.9575E+01    3.9512E+01    2.1428E+01    2.3449E+01    2.6748E+01    3.4757E+01    2.8704E+01    2.4601E+01    6.5323E+00    6.5552E+00    3.1354E+00    9.0899E+00   
 2.2237E+01    3.9598E+01    3.9502E+01    2.1396E+01    2.3408E+01    2.6782E+01    3.4756E+01    2.8710E+01    2.4618E+01    6.5323E+00    6.5349E+00    3.1659E+00    9.0434E+00   
 2.3333E+01    3.9590E+01    3.9526E+01    2.1319E+01    2.3354E+01    2.6759E+01    3.4765E+01    2.8682E+01    2.4583E+01    6.5119E+00    6.5349E+00    3.1761E+00    9.0667E+00   
 2.4430E+01    3.9595E+01    3.9513E+01    2.1457E+01    2.3318E+01    2.6775E+01    3.4767E+01    2.8687E+01    2.4577E+01    6.5119E+00    6.5145E+00    3.1863E+00    9.0899E+00   
 2.5526E+01    3.9587E+01    3.9496E+01    2.1396E+01    2.3308E+01    2.6749E+01    3.4712E+01    2.8638E+01    2.4545E+01    6.4915E+00    6.4941E+00    3.1608E+00    9.0899E+00   
 2.6661E+01    3.9592E+01    3.9503E+01    2.1370E+01    2.3243E+01    2.6751E+01    3.4714E+01    2.8612E+01    2.4498E+01    6.4915E+00    6.4941E+00    3.1812E+00    9.1131E+00   
 2.7749E+01    3.9629E+01    3.9520E+01    2.1349E+01    2.3273E+01    2.6757E+01    3.4681E+01    2.8593E+01    2.4320E+01    6.4711E+00    6.4941E+00    3.1608E+00    9.0899E+00   
 2.8886E+01    3.9617E+01    3.9515E+01    2.1412E+01    2.3254E+01    2.6736E+01    3.4661E+01    2.8561E+01    2.3873E+01    6.4711E+00    6.4738E+00    3.1456E+00    9.0667E+00   
 2.9979E+01    3.9630E+01    3.9529E+01    2.1419E+01    2.3222E+01    2.6732E+01    3.4635E+01    2.8532E+01    2.3751E+01    6.4711E+00    6.4738E+00    3.1761E+00    9.1131E+00   
 3.1049E+01    3.9647E+01    3.9538E+01    2.1369E+01    2.3184E+01    2.6726E+01    3.4600E+01    2.8517E+01    2.3481E+01    6.4507E+00    6.4738E+00    3.1456E+00    9.0899E+00   
 3.2134E+01    3.9631E+01    3.9528E+01    2.1341E+01    2.3165E+01    2.6709E+01    3.4592E+01    2.8556E+01    2.3313E+01    6.4507E+00    6.4738E+00    3.1914E+00    9.0667E+00   
# Time (s)      T1w (C)       T2w (C)       T1a (C)       T2a (C)       T1r (C)       T2r (C)       T3r (C)       T4r (C)       P1 (bar)      P2 (bar)      Ic (amp)      Qc (l/min)    
 3.3226E+01    3.9641E+01    3.9542E+01    2.1514E+01    2.3174E+01    2.6709E+01    3.4569E+01    2.8584E+01    2.3270E+01    6.4507E+00    6.4534E+00    3.1507E+00    9.0667E+00   
 3.4312E+01    3.9640E+01    3.9522E+01    2.1697E+01    2.3154E+01    2.6714E+01    3.4575E+01    2.8650E+01    2.3187E+01    6.4507E+00    6.4534E+00    3.1456E+00    9.1131E+00   
 3.5408E+01    3.9616E+01    3.9516E+01    2.1718E+01    2.3079E+01    2.6717E+01    3.4554E+01    2.8668E+01    2.3124E+01    6.4303E+00    6.4534E+00    3.1456E+00    9.0667E+00   
 3.6503E+01    3.9589E+01    3.9496E+01    2.1404E+01    2.3031E+01    2.6699E+01    3.4542E+01    2.8719E+01    2.3071E+01    6.4303E+00    6.4534E+00    3.1659E+00    9.0201E+00   
 3.7599E+01    3.9586E+01    3.9487E+01    2.1263E+01    2.3054E+01    2.6698E+01    3.4515E+01    2.8732E+01    2.3011E+01    6.4303E+00    6.4331E+00    3.1710E+00    9.0434E+00   
 3.8696E+01    3.9553E+01    3.9473E+01    2.1242E+01    2.3027E+01    2.6677E+01    3.4480E+01    2.8764E+01    2.2938E+01    6.4303E+00    6.4331E+00    3.1863E+00    9.0667E+00   
 3.9792E+01    3.9582E+01    3.9478E+01    2.1378E+01    2.3001E+01    2.6652E+01    3.4449E+01    2.8786E+01    2.2916E+01    6.4099E+00    6.4331E+00    3.1914E+00    9.0667E+00   
 4.0888E+01    3.9577E+01    3.9464E+01    2.1345E+01    2.2992E+01    2.6610E+01    3.4388E+01    2.8796E+01    2.2842E+01    6.4099E+00    6.4127E+00    3.1863E+00    9.0667E+00   
 4.1984E+01    3.9560E+01    3.9465E+01    2.1395E+01    2.2944E+01    2.6626E+01    3.4388E+01    2.8838E+01    2.2830E+01    6.4099E+00    6.4127E+00    3.1863E+00    9.0201E+00   
 4.3081E+01    3.9572E+01    3.9487E+01    2.1526E+01    2.2968E+01    2.6603E+01    3.4358E+01    2.8847E+01    2.2791E+01    6.4099E+00    6.4127E+00    3.1456E+00    9.0667E+00   
 4.4163E+01    3.9561E+01    3.9491E+01    2.1468E+01    2.2971E+01    2.6589E+01    3.4343E+01    2.8870E+01    2.2753E+01    6.4099E+00    6.4127E+00    3.1710E+00    9.0201E+00   
 4.5242E+01    3.9555E+01    3.9483E+01    2.1480E+01    2.2954E+01    2.6596E+01    3.4349E+01    2.8908E+01    2.2741E+01    6.3895E+00    6.4127E+00    3.1659E+00    9.0899E+00   
 4.6336E+01    3.9568E+01    3.9487E+01    2.1261E+01    2.2975E+01    2.6573E+01    3.4290E+01    2.8907E+01    2.2719E+01    6.3895E+00    6.3923E+00    3.1659E+00    9.0667E+00   
 4.7434E+01    3.9600E+01    3.9521E+01    2.1545E+01    2.2993E+01    2.6569E+01    3.4270E+01    2.8889E+01    2.2681E+01    6.3895E+00    6.3923E+00    3.1812E+00    9.1131E+00   
 4.8530E+01    3.9598E+01    3.9512E+01    2.1882E+01    2.2950E+01    2.6522E+01    3.4251E+01    2.8894E+01    2.2654E+01    6.3691E+00    6.3923E+00    3.1914E+00    9.0667E+00   
 4.9625E+01    3.9599E+01    3.9536E+01    2.1852E+01    2.2959E+01    2.6516E+01    3.4216E+01    2.8861E+01    2.2609E+01    6.3691E+00    6.3923E+00    3.1965E+00    9.0434E+00   
 5.0721E+01    3.9589E+01    3.9511E+01    2.1583E+01    2.2911E+01    2.6491E+01    3.4191E+01    2.8831E+01    2.2594E+01    6.3691E+00    6.3923E+00    3.1965E+00    9.0667E+00   
 5.1818E+01    3.9582E+01    3.9513E+01    2.1632E+01    2.2925E+01    2.6480E+01    3.4157E+01    2.8786E+01    2.2562E+01    6.3691E+00    6.3720E+00    3.1965E+00    9.0899E+00   
 5.2914E+01    3.9580E+01    3.9498E+01    2.1558E+01    2.2889E+01    2.6471E+01    3.4135E+01    2.8758E+01    2.2517E+01    6.3691E+00    6.3720E+00    3.1507E+00    9.1131E+00   
 5.4025E+01    3.9575E+01    3.9505E+01    2.1491E+01    2.2878E+01    2.6466E+01    3.4107E+01    2.8695E+01    2.2500E+01    6.3691E+00    6.3720E+00    3.1557E+00    9.0667E+00   
 5.5114E+01    3.9589E+01    3.9503E+01    2.1539E+01    2.2880E+01    2.6479E+01    3.4102E+01    2.8661E+01    2.2502E+01    6.3487E+00    6.3720E+00    3.1863E+00    9.0434E+00   
 5.6243E+01    3.9576E+01    3.9503E+01    2.1518E+01    2.2878E+01    2.6479E+01    3.4099E+01    2.8632E+01    2.2495E+01    6.3487E+00    6.3720E+00    3.1863E+00    9.0899E+00   
 5.7339E+01    3.9598E+01    3.9520E+01    2.1495E+01    2.2889E+01    2.6504E+01    3.4091E+01    2.8633E+01    2.2494E+01    6.3487E+00    6.3516E+00    3.1812E+00    9.0667E+00   
 5.8435E+01    3.9615E+01    3.9511E+01    2.1406E+01    2.2893E+01    2.6494E+01    3.4084E+01    2.8588E+01    2.2491E+01    6.3487E+00    6.3516E+00    3.1761E+00    9.0899E+00   
 5.9524E+01    3.9603E+01    3.9535E+01    2.1532E+01    2.2893E+01    2.6463E+01    3.4026E+01    2.7929E+01    2.2447E+01    6.3487E+00    6.3516E+00    3.1965E+00    9.0899E+00   
 6.0599E+01    3.9581E+01    3.9505E+01    2.1589E+01    2.2882E+01    2.6444E+01    3.4002E+01    2.7876E+01    2.2397E+01    6.3487E+00    6.3516E+00    3.2016E+00    9.0667E+00   
 6.1686E+01    3.9562E+01    3.9494E+01    2.1617E+01    2.2874E+01    2.6404E+01    3.3951E+01    2.7693E+01    2.2376E+01    6.3487E+00    6.3516E+00    3.1507E+00    9.0201E+00   
 6.2768E+01    3.9578E+01    3.9521E+01    2.1519E+01    2.2891E+01    2.6405E+01    3.3942E+01    2.7371E+01    2.2372E+01    6.3487E+00    6.3516E+00    3.1812E+00    9.1362E+00   
 6.3843E+01    3.9576E+01    3.9494E+01    2.1564E+01    2.2896E+01    2.6397E+01    3.3914E+01    2.6801E+01    2.2343E+01    6.3283E+00    6.3516E+00    3.1914E+00    9.0667E+00   
 6.4939E+01    3.9571E+01    3.9503E+01    2.1576E+01    2.2877E+01    2.6384E+01    3.3881E+01    2.6718E+01    2.2313E+01    6.3283E+00    6.3516E+00    3.1812E+00    9.0899E+00   
# Time (s)      T1w (C)       T2w (C)       T1a (C)       T2a (C)       T1r (C)       T2r (C)       T3r (C)       T4r (C)       P1 (bar)      P2 (bar)      Ic (amp)      Qc (l/min)    
 6.6037E+01    3.9577E+01    3.9505E+01    2.1459E+01    2.2853E+01    2.6359E+01    3.3851E+01    2.6549E+01    2.2324E+01    6.3283E+00    6.3516E+00    3.1914E+00    9.0667E+00   
 6.7133E+01    3.9584E+01    3.9510E+01    2.1412E+01    2.2842E+01    2.6346E+01    3.3796E+01    2.6115E+01    2.2292E+01    6.3283E+00    6.3516E+00    3.2016E+00    9.0667E+00   
 6.8228E+01    3.9582E+01    3.9510E+01    2.1600E+01    2.2821E+01    2.6350E+01    3.3828E+01    2.6061E+01    2.2283E+01    6.3283E+00    6.3516E+00    3.1557E+00    9.1131E+00   
 6.9318E+01    3.9573E+01    3.9520E+01    2.1732E+01    2.2814E+01    2.6339E+01    3.3787E+01    2.6001E+01    2.2276E+01    6.3283E+00    6.3313E+00    3.2016E+00    9.0201E+00   
 7.0399E+01    3.9581E+01    3.9538E+01    2.1860E+01    2.2748E+01    2.6348E+01    3.3761E+01    2.5656E+01    2.2255E+01    6.3283E+00    6.3313E+00    3.1507E+00    9.1131E+00   
 7.1479E+01    3.9554E+01    3.9518E+01    2.1748E+01    2.2777E+01    2.6338E+01    3.3765E+01    2.5531E+01    2.2270E+01    6.3283E+00    6.3313E+00    3.1507E+00    9.0667E+00   
 7.2558E+01    3.9566E+01    3.9503E+01    2.2016E+01    2.2719E+01    2.6321E+01    3.3726E+01    2.5348E+01    2.2250E+01    6.3283E+00    6.3313E+00    3.1965E+00    9.1131E+00   
 7.3638E+01    3.9553E+01    3.9486E+01    2.1932E+01    2.2801E+01    2.6341E+01    3.3727E+01    2.5190E+01    2.2261E+01    6.3079E+00    6.3313E+00    3.1608E+00    9.0667E+00   
 7.4720E+01    3.9547E+01    3.9510E+01    2.1896E+01    2.2804E+01    2.6342E+01    3.3724E+01    2.5133E+01    2.2263E+01    6.3283E+00    6.3313E+00    3.1507E+00    9.0667E+00   
 7.5800E+01    3.9571E+01    3.9525E+01    2.1924E+01    2.2813E+01    2.6359E+01    3.3721E+01    2.4847E+01    2.2279E+01    6.3283E+00    6.3313E+00    3.1456E+00    9.0899E+00   
 7.6895E+01    3.9575E+01    3.9517E+01    2.2020E+01    2.2798E+01    2.6347E+01    3.3681E+01    2.4745E+01    2.2275E+01    6.3283E+00    6.3313E+00    3.1965E+00    9.1131E+00   
 7.7981E+01    3.9577E+01    3.9513E+01    2.1775E+01    2.2783E+01    2.6330E+01    3.3661E+01    2.4694E+01    2.2275E+01    6.3283E+00    6.3313E+00    3.2016E+00    9.1131E+00   
 7.9064E+01    3.9568E+01    3.9505E+01    2.1874E+01    2.2803E+01    2.6344E+01    3.3643E+01    2.4481E+01    2.2285E+01    6.3079E+00    6.3313E+00    3.1914E+00    9.1131E+00   
 8.0144E+01    3.9542E+01    3.9474E+01    2.1804E+01    2.2795E+01    2.6351E+01    3.3616E+01    2.4340E+01    2.2274E+01    6.3079E+00    6.3313E+00    3.1812E+00    9.0899E+00   
 8.1229E+01    3.9536E+01    3.9479E+01    2.1967E+01    2.2792E+01    2.6344E+01    3.3598E+01    2.4229E+01    2.2267E+01    6.3283E+00    6.3313E+00    3.1507E+00    9.0434E+00   
 8.2311E+01    3.9541E+01    3.9480E+01    2.1782E+01    2.2769E+01    2.6334E+01    3.3581E+01    2.4095E+01    2.2274E+01    6.3079E+00    6.3313E+00    3.1761E+00    9.0667E+00   
 8.3399E+01    3.9531E+01    3.9470E+01    2.2006E+01    2.2738E+01    2.6306E+01    3.3551E+01    2.3951E+01    2.2245E+01    6.3283E+00    6.3313E+00    3.1608E+00    9.1131E+00   
 8.4487E+01    3.9519E+01    3.9466E+01    2.2017E+01    2.2727E+01    2.6315E+01    3.3535E+01    2.3937E+01    2.2245E+01    6.3283E+00    6.3313E+00    3.2016E+00    9.0667E+00   
 8.5582E+01    3.9502E+01    3.9434E+01    2.1806E+01    2.2730E+01    2.6316E+01    3.3516E+01    2.3783E+01    2.2262E+01    6.3079E+00    6.3313E+00    3.1965E+00    9.1131E+00   
 8.6670E+01    3.9480E+01    3.9416E+01    2.1798E+01    2.2684E+01    2.6306E+01    3.3488E+01    2.3686E+01    2.2244E+01    6.3079E+00    6.3313E+00    3.1965E+00    9.0201E+00   
 8.7767E+01    3.9483E+01    3.9407E+01    2.1667E+01    2.2642E+01    2.6321E+01    3.3452E+01    2.3609E+01    2.2232E+01    6.3079E+00    6.3313E+00    3.1914E+00    9.1131E+00   
 8.8855E+01    3.9485E+01    3.9425E+01    2.1654E+01    2.2651E+01    2.6312E+01    3.3434E+01    2.3551E+01    2.2206E+01    6.3079E+00    6.3313E+00    3.1608E+00    9.0667E+00   
 8.9968E+01    3.9499E+01    3.9424E+01    2.1446E+01    2.2702E+01    2.6296E+01    3.3411E+01    2.3442E+01    2.2202E+01    6.3079E+00    6.3109E+00    3.1507E+00    9.1131E+00   
 9.1040E+01    3.9504E+01    3.9434E+01    2.1492E+01    2.2680E+01    2.6282E+01    3.3379E+01    2.3346E+01    2.2194E+01    6.3079E+00    6.3109E+00    3.1507E+00    9.0434E+00   
 9.2191E+01    3.9494E+01    3.9429E+01    2.1755E+01    2.2699E+01    2.6290E+01    3.3375E+01    2.3250E+01    2.2182E+01    6.2875E+00    6.3109E+00    3.1507E+00    9.0434E+00   
 9.3276E+01    3.9498E+01    3.9431E+01    2.1681E+01    2.2669E+01    2.6275E+01    3.3334E+01    2.3211E+01    2.2173E+01    6.2875E+00    6.3109E+00    3.1557E+00    9.0434E+00   
 9.4376E+01    3.9483E+01    3.9421E+01    2.2189E+01    2.2619E+01    2.6268E+01    3.3307E+01    2.3119E+01    2.2128E+01    6.3079E+00    6.3109E+00    3.2016E+00    9.0667E+00   
 9.5457E+01    3.9479E+01    3.9405E+01    2.2016E+01    2.2642E+01    2.6250E+01    3.3301E+01    2.3058E+01    2.2128E+01    6.2875E+00    6.3109E+00    3.1507E+00    9.0434E+00   
 9.6539E+01    3.9456E+01    3.9386E+01    2.1815E+01    2.2623E+01    2.6225E+01    3.3275E+01    2.2996E+01    2.2135E+01    6.2875E+00    6.3109E+00    3.1659E+00    9.1131E+00   
 9.7618E+01    3.9459E+01    3.9377E+01    2.1762E+01    2.2619E+01    2.6241E+01    3.3242E+01    2.2960E+01    2.2118E+01    6.2875E+00    6.3109E+00    3.1965E+00    9.0667E+00   
# Time (s)      T1w (C)       T2w (C)       T1a (C)       T2a (C)       T1r (C)       T2r (C)       T3r (C)       T4r (C)       P1 (bar)      P2 (bar)      Ic (amp)      Qc (l/min)    
 9.8698E+01    3.9452E+01    3.9370E+01    2.1952E+01    2.2581E+01    2.6253E+01    3.3249E+01    2.2921E+01    2.2126E+01    6.2875E+00    6.3109E+00    3.1965E+00    9.0899E+00   
 9.9778E+01    3.9426E+01    3.9362E+01    2.1711E+01    2.2564E+01    2.6243E+01    3.3211E+01    2.2866E+01    2.2110E+01    6.2875E+00    6.3109E+00    3.1914E+00    9.0434E+00   
 1.0087E+02    3.9408E+01    3.9343E+01    2.1914E+01    2.2573E+01    2.6242E+01    3.3188E+01    2.2830E+01    2.2114E+01    6.2875E+00    6.3109E+00    3.1456E+00    9.0434E+00   
 1.0195E+02    3.9412E+01    3.9348E+01    2.2059E+01    2.2587E+01    2.6208E+01    3.3156E+01    2.2805E+01    2.2099E+01    6.2875E+00    6.3109E+00    3.1608E+00    9.0667E+00   
 1.0303E+02    3.9399E+01    3.9351E+01    2.2076E+01    2.2597E+01    2.6220E+01    3.3140E+01    2.2766E+01    2.2090E+01    6.2875E+00    6.3109E+00    3.1863E+00    9.0899E+00   
 1.0411E+02    3.9400E+01    3.9342E+01    2.2174E+01    2.2574E+01    2.6209E+01    3.3117E+01    2.2750E+01    2.2093E+01    6.2875E+00    6.3109E+00    3.2016E+00    9.0434E+00   
 1.0519E+02    3.9400E+01    3.9343E+01    2.2321E+01    2.2556E+01    2.6191E+01    3.3081E+01    2.2717E+01    2.2066E+01    6.2875E+00    6.3109E+00    3.1608E+00    9.0667E+00   
 1.0627E+02    3.9383E+01    3.9342E+01    2.2220E+01    2.2529E+01    2.6187E+01    3.3060E+01    2.2706E+01    2.2083E+01    6.2875E+00    6.3109E+00    3.1507E+00    9.0899E+00   
 1.0735E+02    3.9416E+01    3.9353E+01    2.2035E+01    2.2573E+01    2.6188E+01    3.3031E+01    2.2693E+01    2.2096E+01    6.2875E+00    6.3109E+00    3.1557E+00    9.1593E+00   
 1.0843E+02    3.9401E+01    3.9339E+01    2.1848E+01    2.2540E+01    2.6196E+01    3.2988E+01    2.2636E+01    2.2071E+01    6.2875E+00    6.3109E+00    3.1914E+00    9.0667E+00   
 1.0951E+02    3.9394E+01    3.9332E+01    2.1681E+01    2.2507E+01    2.6176E+01    3.2973E+01    2.2644E+01    2.2076E+01    6.2875E+00    6.2905E+00    3.1965E+00    9.0899E+00   
 1.1059E+02    3.9390E+01    3.9323E+01    2.1857E+01    2.2493E+01    2.6159E+01    3.2963E+01    2.2594E+01    2.2049E+01    6.2875E+00    6.2905E+00    3.1608E+00    9.0667E+00   
 1.1167E+02    3.9389E+01    3.9332E+01    2.2016E+01    2.2561E+01    2.6136E+01    3.2906E+01    2.2597E+01    2.2031E+01    6.2875E+00    6.3109E+00    3.1456E+00    9.0667E+00   
 1.1275E+02    3.9368E+01    3.9319E+01    2.2034E+01    2.2586E+01    2.6162E+01    3.2902E+01    2.2580E+01    2.2037E+01    6.2875E+00    6.3109E+00    3.1507E+00    9.0667E+00   
 1.1383E+02    3.9371E+01    3.9325E+01    2.2163E+01    2.2618E+01    2.6130E+01    3.2857E+01    2.2559E+01    2.2037E+01    6.2875E+00    6.3109E+00    3.1965E+00    9.0434E+00   
 1.1491E+02    3.9350E+01    3.9300E+01    2.2688E+01    2.2582E+01    2.6129E+01    3.2858E+01    2.2523E+01    2.2022E+01    6.2875E+00    6.3109E+00    3.1965E+00    9.0667E+00   
 1.1599E+02    3.9360E+01    3.9297E+01    2.2759E+01    2.2610E+01    2.6099E+01    3.2788E+01    2.2512E+01    2.2028E+01    6.2875E+00    6.3109E+00    3.1914E+00    9.0434E+00   
 1.1707E+02    3.9339E+01    3.9294E+01    2.2886E+01    2.2594E+01    2.6104E+01    3.2775E+01    2.2498E+01    2.2024E+01    6.2875E+00    6.3109E+00    3.1608E+00    9.0434E+00   
 1.1815E+02    3.9330E+01    3.9274E+01    2.2581E+01    2.2565E+01    2.6077E+01    3.2749E+01    2.2483E+01    2.2025E+01    6.2875E+00    6.3109E+00    3.1557E+00    9.0667E+00   
 1.1923E+02    3.9314E+01    3.9286E+01    2.2589E+01    2.2574E+01    2.6074E+01    3.2718E+01    2.2471E+01    2.2001E+01    6.2875E+00    6.2905E+00    3.1507E+00    9.0667E+00   
 1.2033E+02    3.9322E+01    3.9272E+01    2.2705E+01    2.2558E+01    2.6069E+01    3.2702E+01    2.2477E+01    2.2008E+01    6.2875E+00    6.2905E+00    3.1863E+00    9.0434E+00   
 1.2141E+02    3.9330E+01    3.9274E+01    2.2537E+01    2.2481E+01    2.6074E+01    3.2670E+01    2.2447E+01    2.2007E+01    6.2875E+00    6.2905E+00    6.2000E+00    9.0899E+00   
 1.2251E+02    3.9327E+01    3.9278E+01    2.2241E+01    2.2499E+01    2.6064E+01    3.2655E+01    2.2451E+01    2.2003E+01    6.2875E+00    6.2905E+00    6.2713E+00    9.0667E+00   
 1.2361E+02    3.9330E+01    3.9262E+01    2.2104E+01    2.2500E+01    2.6104E+01    3.2649E+01    2.2430E+01    2.1984E+01    5.8386E+00    7.3492E+00    4.5099E+00    9.0667E+00   
 1.2471E+02    3.9303E+01    3.9240E+01    2.2199E+01    2.2439E+01    2.3997E+01    3.3273E+01    2.2494E+01    2.1804E+01    5.6141E+00    8.9984E+00    4.9732E+00    9.0667E+00   
 1.2610E+02    3.9287E+01    3.9234E+01    2.1711E+01    2.2298E+01    2.0538E+01    3.4790E+01    2.3650E+01    2.1564E+01    5.5529E+00    1.0016E+01    5.1921E+00    9.0434E+00   
 1.2719E+02    3.9277E+01    3.9226E+01    2.1833E+01    2.2093E+01    1.9979E+01    3.7144E+01    2.3731E+01    2.1200E+01    5.2264E+00    1.0607E+01    5.2888E+00    9.1131E+00   
 1.2832E+02    3.9296E+01    3.9304E+01    2.1994E+01    2.1897E+01    1.9070E+01    3.8707E+01    2.4052E+01    2.0901E+01    5.2060E+00    1.0892E+01    5.2888E+00    9.0434E+00   
 1.2940E+02    3.9279E+01    3.9437E+01    2.2221E+01    2.1847E+01    1.8625E+01    3.9281E+01    2.3929E+01    2.0725E+01    5.1856E+00    1.1157E+01    5.4262E+00    9.0667E+00   
 1.3048E+02    3.9278E+01    3.9915E+01    2.2371E+01    2.1700E+01    1.8351E+01    4.0262E+01    2.3822E+01    2.0415E+01    5.1652E+00    1.1381E+01    5.3855E+00    9.0667E+00   
# Time (s)      T1w (C)       T2w (C)       T1a (C)       T2a (C)       T1r (C)       T2r (C)       T3r (C)       T4r (C)       P1 (bar)      P2 (bar)      Ic (amp)      Qc (l/min)    
 1.3157E+02    3.9272E+01    4.0509E+01    2.2522E+01    2.1522E+01    1.8202E+01    4.1059E+01    2.3757E+01    2.0064E+01    5.1448E+00    1.1564E+01    5.4364E+00    9.0201E+00   
 1.3265E+02    3.9276E+01    4.0855E+01    2.2552E+01    2.1418E+01    1.7940E+01    4.1460E+01    2.3690E+01    1.9737E+01    5.1244E+00    1.1808E+01    5.5281E+00    9.0667E+00   
 1.3374E+02    3.9282E+01    4.1503E+01    2.2452E+01    2.1245E+01    1.7687E+01    4.2072E+01    2.3648E+01    1.9567E+01    5.1040E+00    1.1951E+01    5.6604E+00    9.1822E+00   
 1.3482E+02    3.9263E+01    4.2176E+01    2.2488E+01    2.0934E+01    1.7582E+01    4.2709E+01    2.3630E+01    1.9253E+01    5.0836E+00    1.2073E+01    5.7011E+00    9.1131E+00   
 1.3589E+02    3.9265E+01    4.2740E+01    2.2441E+01    2.0708E+01    1.7324E+01    4.3263E+01    2.3618E+01    1.8945E+01    5.0632E+00    1.2236E+01    5.6197E+00    9.1593E+00   
 1.3697E+02    3.9229E+01    4.2979E+01    2.2325E+01    2.0511E+01    1.7062E+01    4.3506E+01    2.3629E+01    1.8780E+01    5.0020E+00    1.2378E+01    5.5993E+00    9.0899E+00   
 1.3806E+02    3.9219E+01    4.3433E+01    2.2094E+01    2.0398E+01    1.6600E+01    4.3968E+01    2.3628E+01    1.8488E+01    4.9612E+00    1.2399E+01    5.6961E+00    9.1362E+00   
 1.3914E+02    3.9211E+01    4.3841E+01    2.2160E+01    2.0199E+01    1.6433E+01    4.4366E+01    2.3632E+01    1.8241E+01    4.9408E+00    1.2521E+01    5.7877E+00    9.0667E+00   
 1.4021E+02    3.9244E+01    4.4078E+01    2.2064E+01    2.0014E+01    1.6188E+01    4.4753E+01    2.3660E+01    1.7992E+01    4.9204E+00    1.2663E+01    5.7673E+00    9.0434E+00   
 1.4129E+02    3.9231E+01    4.4391E+01    2.2234E+01    1.9890E+01    1.5998E+01    4.4961E+01    2.3730E+01    1.7890E+01    4.9000E+00    1.2663E+01    5.6808E+00    9.0899E+00   
 1.4238E+02    3.9232E+01    4.4684E+01    2.2380E+01    1.9750E+01    1.5887E+01    4.5329E+01    2.3802E+01    1.7673E+01    4.9000E+00    1.2765E+01    5.7164E+00    9.1131E+00   
 1.4346E+02    3.9207E+01    4.4948E+01    2.2380E+01    1.9565E+01    1.5686E+01    4.5719E+01    2.3843E+01    1.7447E+01    4.8592E+00    1.2908E+01    5.7724E+00    9.0667E+00   
 1.4454E+02    3.9209E+01    4.5067E+01    2.2400E+01    1.9485E+01    1.5520E+01    4.5882E+01    2.3956E+01    1.7261E+01    4.8387E+00    1.2908E+01    5.8793E+00    9.0899E+00   
 1.4562E+02    3.9227E+01    4.5312E+01    2.1971E+01    1.9446E+01    1.5404E+01    4.6253E+01    2.4067E+01    1.7134E+01    4.8387E+00    1.2928E+01    5.7877E+00    9.0667E+00   
 1.4670E+02    3.9227E+01    4.5531E+01    2.2021E+01    1.9446E+01    1.5289E+01    4.6525E+01    2.4107E+01    1.6908E+01    4.8183E+00    1.3091E+01    5.7317E+00    9.0434E+00   
 1.4778E+02    3.9205E+01    4.5630E+01    2.2009E+01    1.9372E+01    1.5107E+01    4.6811E+01    2.4255E+01    1.6680E+01    4.7979E+00    1.3111E+01    5.7368E+00    9.1362E+00   
 1.4886E+02    3.9204E+01    4.5814E+01    2.1942E+01    1.9262E+01    1.4833E+01    4.6924E+01    2.4477E+01    1.6578E+01    4.7571E+00    1.3111E+01    5.7979E+00    9.0667E+00   
 1.4994E+02    3.9208E+01    4.6015E+01    2.1860E+01    1.9218E+01    1.4701E+01    4.7230E+01    2.4764E+01    1.6392E+01    4.7571E+00    1.3193E+01    5.8946E+00    9.0667E+00   
 1.5102E+02    3.9179E+01    4.6170E+01    2.1751E+01    1.9163E+01    1.4519E+01    4.7409E+01    2.4968E+01    1.6266E+01    4.7367E+00    1.3274E+01    5.8030E+00    9.0667E+00   
 1.5210E+02    3.9177E+01    4.6234E+01    2.1659E+01    1.9035E+01    1.4391E+01    4.7595E+01    2.5400E+01    1.6123E+01    4.7367E+00    1.3233E+01    5.8233E+00    9.0667E+00   
 1.5318E+02    3.9143E+01    4.6371E+01    2.1673E+01    1.9095E+01    1.4295E+01    4.7874E+01    2.5873E+01    1.6042E+01    4.7163E+00    1.3294E+01    5.8742E+00    9.0667E+00   
 1.5427E+02    3.9138E+01    4.6505E+01    2.1644E+01    1.8922E+01    1.4232E+01    4.8105E+01    2.6422E+01    1.5891E+01    4.6755E+00    1.3376E+01    5.9048E+00    9.1362E+00   
 1.5536E+02    3.9113E+01    4.6581E+01    2.1574E+01    1.8843E+01    1.4058E+01    4.8521E+01    2.6745E+01    1.5828E+01    4.6551E+00    1.3376E+01    5.8081E+00    9.1131E+00   
 1.5645E+02    3.9117E+01    4.6651E+01    2.1595E+01    1.8764E+01    1.3943E+01    4.8613E+01    2.7403E+01    1.5792E+01    4.6551E+00    1.3457E+01    5.8590E+00    9.0899E+00   
 1.5754E+02    3.9113E+01    4.6747E+01    2.1591E+01    1.8611E+01    1.3893E+01    4.8703E+01    2.8122E+01    1.5719E+01    4.6551E+00    1.3457E+01    5.7877E+00    9.1131E+00   
 1.5863E+02    3.9093E+01    4.6849E+01    2.1551E+01    1.8456E+01    1.3869E+01    4.9092E+01    2.8493E+01    1.5645E+01    4.6347E+00    1.3437E+01    5.8742E+00    9.0899E+00   
 1.5973E+02    3.9107E+01    4.6954E+01    2.1671E+01    1.8559E+01    1.3808E+01    4.9436E+01    2.9262E+01    1.5556E+01    4.6551E+00    1.3559E+01    5.7979E+00    9.1131E+00   
 1.6082E+02    3.9094E+01    4.7008E+01    2.1693E+01    1.8532E+01    1.3829E+01    4.9614E+01    3.0041E+01    1.5513E+01    4.6143E+00    1.3539E+01    5.9353E+00    9.0899E+00   
 1.6197E+02    3.9109E+01    4.7081E+01    2.1519E+01    1.8614E+01    1.3750E+01    4.9950E+01    3.0820E+01    1.5496E+01    4.6347E+00    1.3600E+01    5.8233E+00    9.0201E+00   
 1.6306E+02    3.9094E+01    4.7160E+01    2.1533E+01    1.8480E+01    1.3727E+01    5.0092E+01    3.1564E+01    1.5446E+01    4.6347E+00    1.3640E+01    5.9353E+00    9.0434E+00   
# Time (s)      T1w (C)       T2w (C)       T1a (C)       T2a (C)       T1r (C)       T2r (C)       T3r (C)       T4r (C)       P1 (bar)      P2 (bar)      Ic (amp)      Qc (l/min)    
 1.6418E+02    3.9092E+01    4.7249E+01    2.1238E+01    1.8392E+01    1.3683E+01    5.0270E+01    3.1910E+01    1.5360E+01    4.6347E+00    1.3661E+01    5.8437E+00    9.0434E+00   
 1.6527E+02    3.9104E+01    4.7269E+01    2.1023E+01    1.8138E+01    1.3638E+01    5.0285E+01    3.2569E+01    1.5261E+01    4.6143E+00    1.3620E+01    5.8182E+00    9.0667E+00   
 1.6636E+02    3.9116E+01    4.7351E+01    2.0868E+01    1.8212E+01    1.3478E+01    5.0545E+01    3.3194E+01    1.5220E+01    4.5939E+00    1.3722E+01    5.8335E+00    9.0434E+00   
 1.6744E+02    3.9096E+01    4.7406E+01    2.0883E+01    1.8247E+01    1.3407E+01    5.0773E+01    3.3482E+01    1.5177E+01    4.5939E+00    1.3620E+01    5.8386E+00    9.0667E+00   
 1.6853E+02    3.9103E+01    4.7477E+01    2.0978E+01    1.8205E+01    1.3297E+01    5.1048E+01    3.4049E+01    1.5117E+01    4.5939E+00    1.3681E+01    5.8335E+00    9.0667E+00   
 1.6962E+02    3.9099E+01    4.7497E+01    2.1112E+01    1.8011E+01    1.3237E+01    5.1183E+01    3.4576E+01    1.5061E+01    4.5939E+00    1.3783E+01    5.8437E+00    9.0899E+00   
 1.7071E+02    3.9107E+01    4.7559E+01    2.1177E+01    1.8036E+01    1.3180E+01    5.1353E+01    3.5066E+01    1.4984E+01    4.5939E+00    1.3681E+01    5.8691E+00    9.0899E+00   
 1.7180E+02    3.9110E+01    4.7620E+01    2.1238E+01    1.8119E+01    1.3120E+01    5.1451E+01    3.5256E+01    1.4907E+01    4.5939E+00    1.3763E+01    5.8742E+00    9.0899E+00   
 1.7288E+02    3.9109E+01    4.7662E+01    2.1128E+01    1.7866E+01    1.3116E+01    5.1480E+01    3.5652E+01    1.4809E+01    4.5939E+00    1.3722E+01    5.8488E+00    9.0667E+00   
 1.7396E+02    3.9119E+01    4.7697E+01    2.0987E+01    1.7922E+01    1.3056E+01    5.1696E+01    3.5988E+01    1.4747E+01    4.5939E+00    1.3803E+01    5.9201E+00    9.1362E+00   
 1.7504E+02    3.9111E+01    4.7729E+01    2.1091E+01    1.7663E+01    1.3010E+01    5.1904E+01    3.6308E+01    1.4674E+01    4.5939E+00    1.3885E+01    5.9455E+00    9.0899E+00   
 1.7612E+02    3.9099E+01    4.7764E+01    2.1236E+01    1.7643E+01    1.2933E+01    5.2097E+01    3.6423E+01    1.4573E+01    4.5939E+00    1.3844E+01    6.0219E+00    9.0667E+00   
 1.7720E+02    3.9124E+01    4.7799E+01    2.1213E+01    1.7636E+01    1.2857E+01    5.2207E+01    3.6729E+01    1.4505E+01    4.5735E+00    1.3885E+01    6.0422E+00    9.0899E+00   
 1.7829E+02    3.9167E+01    4.7862E+01    2.1255E+01    1.7579E+01    1.2813E+01    5.2457E+01    3.6990E+01    1.4472E+01    4.5531E+00    1.3783E+01    6.0270E+00    9.0899E+00   
 1.7938E+02    3.9171E+01    4.7916E+01    2.1266E+01    1.7517E+01    1.2782E+01    5.2625E+01    3.7117E+01    1.4385E+01    4.5531E+00    1.3905E+01    5.9404E+00    9.0434E+00   
 1.8047E+02    3.9199E+01    4.7964E+01    2.1235E+01    1.7453E+01    1.2706E+01    5.2781E+01    3.7352E+01    1.4339E+01    4.5531E+00    1.3824E+01    5.8997E+00    9.0899E+00   
 1.8156E+02    3.9250E+01    4.7991E+01    2.1669E+01    1.7411E+01    1.2657E+01    5.2856E+01    3.7574E+01    1.4301E+01    4.5531E+00    1.3946E+01    5.8946E+00    9.0667E+00   
 1.8264E+02    3.9254E+01    4.8035E+01    2.1782E+01    1.7407E+01    1.2623E+01    5.3062E+01    3.7786E+01    1.4230E+01    4.5327E+00    1.3966E+01    5.8844E+00    9.0667E+00   
 1.8373E+02    3.9265E+01    4.8097E+01    2.1801E+01    1.7587E+01    1.2589E+01    5.3205E+01    3.7893E+01    1.4192E+01    4.5327E+00    1.3885E+01    6.0321E+00    9.0667E+00   
 1.8482E+02    3.9283E+01    4.8094E+01    2.1854E+01    1.7458E+01    1.2565E+01    5.3347E+01    3.8092E+01    1.4142E+01    4.5327E+00    1.3905E+01    5.9608E+00    9.1131E+00   
 1.8592E+02    3.9339E+01    4.8133E+01    2.1857E+01    1.7517E+01    1.2543E+01    5.3391E+01    3.8246E+01    1.4121E+01    4.5327E+00    1.3905E+01    5.8946E+00    9.1131E+00   
 1.8701E+02    3.9382E+01    4.8200E+01    2.1923E+01    1.7465E+01    1.2540E+01    5.3518E+01    3.8375E+01    1.4067E+01    4.5327E+00    1.3905E+01    5.8895E+00    9.0899E+00   
 1.8811E+02    3.9398E+01    4.8218E+01    2.1937E+01    1.7535E+01    1.2519E+01    5.3537E+01    3.8456E+01    1.4002E+01    4.5327E+00    1.4027E+01    6.0015E+00    9.1131E+00   
 1.8920E+02    3.9419E+01    4.8232E+01    2.2032E+01    1.7541E+01    1.2473E+01    5.3587E+01    3.8570E+01    1.3951E+01    4.5327E+00    1.3905E+01    6.0117E+00    9.1131E+00   
 1.9028E+02    3.9453E+01    4.8237E+01    2.1986E+01    1.7369E+01    1.2479E+01    5.3729E+01    3.8704E+01    1.3923E+01    4.5327E+00    1.3946E+01    5.8844E+00    9.1131E+00   
 1.9140E+02    3.9486E+01    4.8271E+01    2.1750E+01    1.7373E+01    1.2465E+01    5.3819E+01    3.8800E+01    1.3852E+01    4.5327E+00    1.4048E+01    5.8946E+00    9.0667E+00   
 1.9249E+02    3.9532E+01    4.8295E+01    2.1249E+01    1.7377E+01    1.2483E+01    5.3911E+01    3.8855E+01    1.3781E+01    4.5327E+00    1.4007E+01    5.8946E+00    9.0667E+00   
 1.9356E+02    3.9563E+01    4.8330E+01    2.1335E+01    1.7427E+01    1.2523E+01    5.3903E+01    3.8913E+01    1.3694E+01    4.5123E+00    1.4068E+01    5.8946E+00    9.0899E+00   
 1.9465E+02    3.9594E+01    4.8346E+01    2.1233E+01    1.7361E+01    1.2597E+01    5.4047E+01    3.8999E+01    1.3667E+01    4.5123E+00    1.4048E+01    5.9455E+00    9.0899E+00   
 1.9573E+02    3.9581E+01    4.8387E+01    2.1250E+01    1.7296E+01    1.2655E+01    5.4071E+01    3.9031E+01    1.3548E+01    4.5123E+00    1.4007E+01    5.9048E+00    9.1131E+00   
# Time (s)      T1w (C)       T2w (C)       T1a (C)       T2a (C)       T1r (C)       T2r (C)       T3r (C)       T4r (C)       P1 (bar)      P2 (bar)      Ic (amp)      Qc (l/min)    
 1.9682E+02    3.9619E+01    4.8421E+01    2.1214E+01    1.7170E+01    1.2819E+01    5.4124E+01    3.9133E+01    1.3480E+01    4.4919E+00    1.4048E+01    5.8997E+00    9.1131E+00   
 1.9791E+02    3.9659E+01    4.8430E+01    2.1255E+01    1.7306E+01    1.3064E+01    5.4145E+01    3.9233E+01    1.3455E+01    4.4919E+00    1.4068E+01    6.0880E+00    9.1131E+00   
 1.9899E+02    3.9673E+01    4.8475E+01    2.1252E+01    1.7285E+01    1.3276E+01    5.4251E+01    3.9344E+01    1.3420E+01    4.4919E+00    1.4068E+01    5.9353E+00    9.1362E+00   
 2.0009E+02    3.9710E+01    4.8533E+01    2.1153E+01    1.7323E+01    1.3431E+01    5.4425E+01    3.9450E+01    1.3413E+01    4.4919E+00    1.4007E+01    5.9455E+00    9.1131E+00   
 2.0118E+02    3.9730E+01    4.8545E+01    2.1031E+01    1.7334E+01    1.3634E+01    5.4524E+01    3.9598E+01    1.3412E+01    4.4715E+00    1.4129E+01    5.9150E+00    9.0667E+00   
 2.0226E+02    3.9786E+01    4.8579E+01    2.1245E+01    1.7319E+01    1.3843E+01    5.4538E+01    3.9762E+01    1.3413E+01    4.4715E+00    1.3987E+01    5.9201E+00    9.1593E+00   
 2.0335E+02    3.9771E+01    4.8625E+01    2.1271E+01    1.7365E+01    1.3948E+01    5.4629E+01    3.9934E+01    1.3427E+01    4.4715E+00    1.4068E+01    5.9150E+00    9.0899E+00   
 2.0444E+02    3.9785E+01    4.8651E+01    2.1238E+01    1.7228E+01    1.4091E+01    5.4609E+01    4.0005E+01    1.3426E+01    4.4511E+00    1.4129E+01    5.9150E+00    9.0899E+00   
 2.0553E+02    3.9797E+01    4.8659E+01    2.1184E+01    1.7281E+01    1.4241E+01    5.4633E+01    4.0196E+01    1.3432E+01    4.4511E+00    1.3966E+01    5.9150E+00    9.0667E+00   
 2.0662E+02    3.9801E+01    4.8636E+01    2.1272E+01    1.7159E+01    1.4414E+01    5.4774E+01    4.0430E+01    1.3438E+01    4.4511E+00    1.4088E+01    6.0117E+00    9.1362E+00   
 2.0770E+02    3.9824E+01    4.8642E+01    2.1301E+01    1.7213E+01    1.4514E+01    5.4888E+01    4.0674E+01    1.3496E+01    4.4511E+00    1.4027E+01    6.0473E+00    9.0667E+00   
 2.0879E+02    3.9880E+01    4.8688E+01    2.1306E+01    1.7299E+01    1.4665E+01    5.5050E+01    4.0835E+01    1.3527E+01    4.4511E+00    1.4027E+01    6.0371E+00    8.9732E+00   
 2.0988E+02    3.9934E+01    4.8678E+01    2.1225E+01    1.7266E+01    1.4812E+01    5.5066E+01    4.1075E+01    1.3562E+01    4.4511E+00    1.4027E+01    6.0015E+00    9.0899E+00   
 2.1098E+02    3.9944E+01    4.8659E+01    2.1179E+01    1.7384E+01    1.4969E+01    5.5164E+01    4.1348E+01    1.3614E+01    4.4511E+00    1.4149E+01    5.9150E+00    9.1131E+00   
 2.1206E+02    3.9932E+01    4.8632E+01    2.1130E+01    1.7325E+01    1.5045E+01    5.5130E+01    4.1471E+01    1.3635E+01    4.4511E+00    1.3987E+01    5.8946E+00    9.0899E+00   
 2.1315E+02    3.9970E+01    4.8643E+01    2.1132E+01    1.7400E+01    1.5176E+01    5.5220E+01    4.1722E+01    1.3700E+01    4.4511E+00    1.4048E+01    5.9048E+00    9.0667E+00   
 2.1424E+02    4.0023E+01    4.8664E+01    2.1051E+01    1.7337E+01    1.5297E+01    5.5256E+01    4.1955E+01    1.3721E+01    4.4511E+00    1.4109E+01    5.9099E+00    9.1131E+00   
 2.1533E+02    4.0065E+01    4.8705E+01    2.0953E+01    1.7196E+01    1.5422E+01    5.5350E+01    4.2211E+01    1.3778E+01    4.4511E+00    1.4048E+01    5.9761E+00    9.0899E+00   
 2.1642E+02    4.0100E+01    4.8732E+01    2.0922E+01    1.7376E+01    1.5496E+01    5.5441E+01    4.2340E+01    1.3856E+01    4.4715E+00    1.4190E+01    6.0575E+00    9.0667E+00   
 2.1751E+02    4.0146E+01    4.8748E+01    2.1011E+01    1.7394E+01    1.5626E+01    5.5446E+01    4.2550E+01    1.3905E+01    4.4715E+00    1.4068E+01    5.9099E+00    9.0667E+00   
 2.1860E+02    4.0210E+01    4.8793E+01    2.1257E+01    1.7302E+01    1.5724E+01    5.5476E+01    4.2747E+01    1.3924E+01    4.4715E+00    1.4048E+01    6.0371E+00    9.1593E+00   
 2.1970E+02    4.0245E+01    4.8834E+01    2.1249E+01    1.7318E+01    1.5766E+01    5.5498E+01    4.2950E+01    1.3969E+01    4.4919E+00    1.4048E+01    5.9761E+00    9.0667E+00   
 2.2079E+02    4.0273E+01    4.8864E+01    2.1436E+01    1.7357E+01    1.5866E+01    5.5498E+01    4.3015E+01    1.4039E+01    4.4919E+00    1.4048E+01    5.9302E+00    9.0434E+00   
 2.2189E+02    4.0281E+01    4.8875E+01    2.1325E+01    1.7188E+01    1.5980E+01    5.5476E+01    4.3211E+01    1.4105E+01    4.4919E+00    1.4211E+01    6.1033E+00    9.0899E+00   
 2.2303E+02    4.0289E+01    4.8874E+01    2.1442E+01    1.7384E+01    1.6072E+01    5.5507E+01    4.3384E+01    1.4139E+01    4.5123E+00    1.4068E+01    6.0830E+00    9.1131E+00   
 2.2412E+02    4.0293E+01    4.8909E+01    2.1741E+01    1.7295E+01    1.6163E+01    5.5541E+01    4.3541E+01    1.4214E+01    4.5123E+00    1.4088E+01    5.9353E+00    9.0667E+00   
 2.2522E+02    4.0339E+01    4.8938E+01    2.1825E+01    1.7335E+01    1.6209E+01    5.5531E+01    4.3609E+01    1.4296E+01    4.5327E+00    1.4109E+01    6.0321E+00    9.0667E+00   
 2.2631E+02    4.0368E+01    4.8933E+01    2.1800E+01    1.7282E+01    1.6297E+01    5.5566E+01    4.3762E+01    1.4370E+01    4.5123E+00    1.4211E+01    6.0779E+00    9.0667E+00   
 2.2740E+02    4.0424E+01    4.8973E+01    2.1864E+01    1.7224E+01    1.6377E+01    5.5589E+01    4.3892E+01    1.4403E+01    4.5327E+00    1.4251E+01    6.0830E+00    9.0899E+00   
 2.2847E+02    4.0448E+01    4.9004E+01    2.1800E+01    1.7286E+01    1.6393E+01    5.5494E+01    4.4007E+01    1.4470E+01    4.5327E+00    1.4149E+01    6.1237E+00    9.0667E+00   
# Time (s)      T1w (C)       T2w (C)       T1a (C)       T2a (C)       T1r (C)       T2r (C)       T3r (C)       T4r (C)       P1 (bar)      P2 (bar)      Ic (amp)      Qc (l/min)    
 2.2956E+02    4.0548E+01    4.9068E+01    2.1886E+01    1.7284E+01    1.6454E+01    5.5517E+01    4.4065E+01    1.4541E+01    4.5327E+00    1.4170E+01    5.9557E+00    9.0899E+00   
 2.3065E+02    4.0592E+01    4.9092E+01    2.1793E+01    1.7280E+01    1.6473E+01    5.5537E+01    4.4184E+01    1.4610E+01    4.5531E+00    1.4149E+01    5.9913E+00    9.1131E+00   
 2.3173E+02    4.0684E+01    4.9140E+01    2.1570E+01    1.7308E+01    1.6470E+01    5.5621E+01    4.4311E+01    1.4652E+01    4.5531E+00    1.4292E+01    6.1237E+00    9.0899E+00   
 2.3281E+02    4.0712E+01    4.9185E+01    2.1647E+01    1.7285E+01    1.6449E+01    5.5683E+01    4.4377E+01    1.4716E+01    4.5531E+00    1.4211E+01    6.0422E+00    9.0667E+00   
 2.3390E+02    4.0716E+01    4.9241E+01    2.1726E+01    1.7436E+01    1.6303E+01    5.5702E+01    4.4432E+01    1.4773E+01    4.5327E+00    1.4333E+01    5.9608E+00    9.1131E+00   
 2.3499E+02    4.0741E+01    4.9257E+01    2.1279E+01    1.7448E+01    1.6149E+01    5.5706E+01    4.4549E+01    1.4808E+01    4.5327E+00    1.4190E+01    5.9557E+00    9.1131E+00   
 2.3608E+02    4.0759E+01    4.9312E+01    2.1528E+01    1.7452E+01    1.5905E+01    5.5615E+01    4.4638E+01    1.4882E+01    4.5327E+00    1.4312E+01    5.9710E+00    9.0667E+00   
 2.3717E+02    4.0806E+01    4.9358E+01    2.1365E+01    1.7488E+01    1.5744E+01    5.5587E+01    4.4675E+01    1.4978E+01    4.5531E+00    1.4272E+01    5.9608E+00    9.1131E+00   
 2.3825E+02    4.0845E+01    4.9372E+01    2.1329E+01    1.7352E+01    1.5321E+01    5.5645E+01    4.4778E+01    1.5034E+01    4.5735E+00    1.4231E+01    5.9608E+00    9.0434E+00   
 2.3932E+02    4.0898E+01    4.9404E+01    2.1465E+01    1.7389E+01    1.4669E+01    5.5718E+01    4.4876E+01    1.5057E+01    4.5735E+00    1.4251E+01    5.9761E+00    9.0667E+00   
 2.4040E+02    4.0927E+01    4.9469E+01    2.1434E+01    1.7452E+01    1.3893E+01    5.5773E+01    4.4903E+01    1.5096E+01    4.5735E+00    1.4394E+01    6.0830E+00    9.0899E+00   
 2.4149E+02    4.0990E+01    4.9507E+01    2.1578E+01    1.7520E+01    1.3447E+01    5.5785E+01    4.4961E+01    1.5083E+01    4.5531E+00    1.4353E+01    6.1491E+00    9.1362E+00   
 2.4257E+02    4.0991E+01    4.9534E+01    2.1514E+01    1.7578E+01    1.3273E+01    5.5839E+01    4.5008E+01    1.5068E+01    4.5531E+00    1.4292E+01    6.0321E+00    9.0899E+00   
 2.4365E+02    4.1023E+01    4.9566E+01    2.1579E+01    1.7585E+01    1.3195E+01    5.5851E+01    4.5047E+01    1.4963E+01    4.5531E+00    1.4373E+01    5.9964E+00    9.1131E+00   
 2.4474E+02    4.1039E+01    4.9603E+01    2.1682E+01    1.7518E+01    1.3149E+01    5.5857E+01    4.5044E+01    1.4850E+01    4.5531E+00    1.4455E+01    6.0117E+00    9.0899E+00   
 2.4583E+02    4.1082E+01    4.9627E+01    2.1533E+01    1.7370E+01    1.3096E+01    5.5922E+01    4.5056E+01    1.4750E+01    4.5531E+00    1.4394E+01    6.0931E+00    9.0434E+00   
 2.4692E+02    4.1115E+01    4.9680E+01    2.1599E+01    1.7435E+01    1.3047E+01    5.5943E+01    4.5024E+01    1.4721E+01    4.5327E+00    1.4414E+01    6.0931E+00    9.0434E+00   
 2.4801E+02    4.1109E+01    4.9713E+01    2.1767E+01    1.7482E+01    1.2954E+01    5.5984E+01    4.5002E+01    1.4663E+01    4.5327E+00    1.4455E+01    5.9913E+00    9.0899E+00   
 2.4911E+02    4.1140E+01    4.9727E+01    2.1859E+01    1.7483E+01    1.2922E+01    5.6016E+01    4.4991E+01    1.4625E+01    4.5327E+00    1.4455E+01    6.0117E+00    9.1131E+00   
 2.5021E+02    4.1161E+01    4.9767E+01    2.1749E+01    1.7481E+01    1.2894E+01    5.6032E+01    4.4960E+01    1.4579E+01    4.5531E+00    1.4455E+01    6.1695E+00    9.1131E+00   
 2.5130E+02    4.1207E+01    4.9813E+01    2.1599E+01    1.7451E+01    1.2868E+01    5.6068E+01    4.4913E+01    1.4556E+01    4.5531E+00    1.4496E+01    6.0473E+00    9.0899E+00   
 2.5245E+02    4.1230E+01    4.9851E+01    2.1562E+01    1.7457E+01    1.2799E+01    5.6157E+01    4.4877E+01    1.4511E+01    4.5327E+00    1.4496E+01    6.1899E+00    9.0899E+00   
 2.5355E+02    4.1291E+01    4.9881E+01    2.1626E+01    1.7505E+01    1.2796E+01    5.6216E+01    4.4866E+01    1.4459E+01    4.5327E+00    1.4516E+01    6.0321E+00    9.1362E+00   
 2.5465E+02    4.1286E+01    4.9889E+01    2.1531E+01    1.7563E+01    1.2747E+01    5.6206E+01    4.4837E+01    1.4410E+01    4.5327E+00    1.4475E+01    6.0524E+00    9.0667E+00   
 2.5573E+02    4.1344E+01    4.9929E+01    2.1675E+01    1.7520E+01    1.2695E+01    5.6218E+01    4.4765E+01    1.4404E+01    4.5327E+00    1.4577E+01    6.1237E+00    9.0899E+00   
 2.5682E+02    4.1388E+01    4.9981E+01    2.1851E+01    1.7446E+01    1.2695E+01    5.6194E+01    4.4719E+01    1.4354E+01    4.5327E+00    1.4577E+01    6.1135E+00    9.0899E+00   
 2.5790E+02    4.1466E+01    5.0016E+01    2.1935E+01    1.7472E+01    1.2643E+01    5.6200E+01    4.4700E+01    1.4266E+01    4.5327E+00    1.4455E+01    6.1644E+00    9.1131E+00   
 2.5898E+02    4.1484E+01    5.0050E+01    2.1901E+01    1.7479E+01    1.2612E+01    5.6214E+01    4.4643E+01    1.4223E+01    4.5123E+00    1.4618E+01    6.0422E+00    9.1362E+00   
 2.6006E+02    4.1552E+01    5.0091E+01    2.2007E+01    1.7541E+01    1.2549E+01    5.6304E+01    4.4588E+01    1.4194E+01    4.5123E+00    1.4618E+01    6.0219E+00    9.0667E+00   
 2.6114E+02    4.1544E+01    5.0108E+01    2.1928E+01    1.7563E+01    1.2538E+01    5.6386E+01    4.4567E+01    1.4149E+01    4.5123E+00    1.4516E+01    6.0626E+00    9.0434E+00   
# Time (s)      T1w (C)       T2w (C)       T1a (C)       T2a (C)       T1r (C)       T2r (C)       T3r (C)       T4r (C)       P1 (bar)      P2 (bar)      Ic (amp)      Qc (l/min)    
 2.6223E+02    4.1542E+01    5.0133E+01    2.1621E+01    1.7580E+01    1.2558E+01    5.6419E+01    4.4517E+01    1.4091E+01    4.5327E+00    1.4597E+01    6.1440E+00    9.0667E+00   
 2.6332E+02    4.1542E+01    5.0181E+01    2.1371E+01    1.7610E+01    1.2561E+01    5.6431E+01    4.4490E+01    1.4044E+01    4.5123E+00    1.4618E+01    6.1542E+00    9.1131E+00   
 2.6441E+02    4.1565E+01    5.0206E+01    2.1553E+01    1.7608E+01    1.2561E+01    5.6496E+01    4.4436E+01    1.3963E+01    4.5123E+00    1.4699E+01    6.1033E+00    9.1822E+00   
 2.6549E+02    4.1617E+01    5.0258E+01    2.1679E+01    1.7690E+01    1.2565E+01    5.6566E+01    4.4438E+01    1.3916E+01    4.5123E+00    1.4679E+01    6.1084E+00    9.1131E+00   
 2.6657E+02    4.1668E+01    5.0259E+01    2.1626E+01    1.7658E+01    1.2448E+01    5.6643E+01    4.4412E+01    1.3857E+01    4.4919E+00    1.4618E+01    6.0575E+00    9.0434E+00   
 2.6765E+02    4.1710E+01    5.0304E+01    2.1488E+01    1.7670E+01    1.2397E+01    5.6692E+01    4.4367E+01    1.3858E+01    4.4919E+00    1.4516E+01    6.0321E+00    9.0667E+00   
 2.6873E+02    4.1716E+01    5.0318E+01    2.1400E+01    1.7643E+01    1.2374E+01    5.6760E+01    4.4361E+01    1.3811E+01    4.4919E+00    1.4577E+01    6.0422E+00    9.0899E+00   
 2.6981E+02    4.1732E+01    5.0351E+01    2.1482E+01    1.7637E+01    1.2334E+01    5.6844E+01    4.4347E+01    1.3727E+01    4.4715E+00    1.4638E+01    6.0473E+00    9.0899E+00   
 2.7090E+02    4.1738E+01    5.0378E+01    2.1605E+01    1.7613E+01    1.2322E+01    5.6941E+01    4.4339E+01    1.3687E+01    4.4715E+00    1.4699E+01    6.0728E+00    9.0434E+00   
 2.7199E+02    4.1783E+01    5.0375E+01    2.1613E+01    1.7574E+01    1.2303E+01    5.7042E+01    4.4318E+01    1.3659E+01    4.4511E+00    1.4618E+01    6.0728E+00    9.0667E+00   
 2.7307E+02    4.1836E+01    5.0416E+01    2.1520E+01    1.7495E+01    1.2289E+01    5.7120E+01    4.4320E+01    1.3611E+01    4.4511E+00    1.4618E+01    6.2255E+00    9.0667E+00   
 2.7417E+02    4.1862E+01    5.0453E+01    2.1664E+01    1.7528E+01    1.2324E+01    5.7190E+01    4.4325E+01    1.3577E+01    4.4511E+00    1.4618E+01    6.2051E+00    9.0899E+00   
 2.7525E+02    4.1897E+01    5.0477E+01    2.1860E+01    1.7461E+01    1.2534E+01    5.7236E+01    4.4334E+01    1.3557E+01    4.4307E+00    1.4658E+01    6.0422E+00    9.0899E+00   
 2.7634E+02    4.1931E+01    5.0495E+01    2.1736E+01    1.7484E+01    1.2783E+01    5.7318E+01    4.4356E+01    1.3538E+01    4.4307E+00    1.4658E+01    6.2153E+00    9.0201E+00   
 2.7744E+02    4.1995E+01    5.0507E+01    2.1646E+01    1.7438E+01    1.2904E+01    5.7389E+01    4.4375E+01    1.3523E+01    4.4307E+00    1.4720E+01    6.0575E+00    9.0899E+00   
 2.7854E+02    4.2059E+01    5.0508E+01    2.1373E+01    1.7454E+01    1.3134E+01    5.7450E+01    4.4453E+01    1.3552E+01    4.4307E+00    1.4658E+01    6.2102E+00    9.1131E+00   
 2.7968E+02    4.2102E+01    5.0516E+01    2.1692E+01    1.7456E+01    1.3338E+01    5.7530E+01    4.4524E+01    1.3567E+01    4.4307E+00    1.4638E+01    6.1033E+00    9.0434E+00   
 2.8078E+02    4.2113E+01    5.0521E+01    2.1485E+01    1.7439E+01    1.3551E+01    5.7533E+01    4.4603E+01    1.3634E+01    4.4307E+00    1.4679E+01    6.0830E+00    9.1131E+00   
 2.8188E+02    4.2135E+01    5.0554E+01    2.1574E+01    1.7428E+01    1.3655E+01    5.7569E+01    4.4641E+01    1.3682E+01    4.4103E+00    1.4638E+01    6.1950E+00    9.1362E+00   
 2.8297E+02    4.2169E+01    5.0581E+01    2.1810E+01    1.7378E+01    1.3803E+01    5.7608E+01    4.4725E+01    1.3747E+01    4.4103E+00    1.4618E+01    6.2051E+00    9.0667E+00   
 2.8404E+02    4.2231E+01    5.0599E+01    2.1703E+01    1.7365E+01    1.3996E+01    5.7604E+01    4.4813E+01    1.3755E+01    4.4103E+00    1.4781E+01    6.0677E+00    9.0667E+00   
 2.8513E+02    4.2244E+01    5.0617E+01    2.1631E+01    1.7316E+01    1.4113E+01    5.7620E+01    4.4901E+01    1.3785E+01    4.4103E+00    1.4638E+01    6.0270E+00    9.0899E+00   
 2.8622E+02    4.2281E+01    5.0667E+01    2.1705E+01    1.7268E+01    1.4202E+01    5.7669E+01    4.4944E+01    1.3841E+01    4.4307E+00    1.4658E+01    6.0677E+00    9.1131E+00   
 2.8730E+02    4.2305E+01    5.0654E+01    2.1888E+01    1.7346E+01    1.4340E+01    5.7653E+01    4.5053E+01    1.3880E+01    4.4307E+00    1.4760E+01    6.0931E+00    9.1131E+00   
 2.8838E+02    4.2307E+01    5.0674E+01    2.1725E+01    1.7284E+01    1.4517E+01    5.7655E+01    4.5168E+01    1.3929E+01    4.4307E+00    1.4781E+01    6.0677E+00    9.1131E+00   
 2.8946E+02    4.2316E+01    5.0702E+01    2.1689E+01    1.7368E+01    1.4595E+01    5.7761E+01    4.5274E+01    1.3974E+01    4.4307E+00    1.4577E+01    6.0219E+00    9.0899E+00   
 2.9055E+02    4.2333E+01    5.0709E+01    2.1583E+01    1.7294E+01    1.4723E+01    5.7833E+01    4.5321E+01    1.4023E+01    4.4511E+00    1.4740E+01    6.0321E+00    9.0667E+00   
 2.9164E+02    4.2381E+01    5.0726E+01    2.1780E+01    1.7301E+01    1.4895E+01    5.7855E+01    4.5428E+01    1.4045E+01    4.4511E+00    1.4679E+01    6.0473E+00    9.0899E+00   
 2.9273E+02    4.2425E+01    5.0758E+01    2.1820E+01    1.7275E+01    1.5025E+01    5.7904E+01    4.5526E+01    1.4050E+01    4.4511E+00    1.4760E+01    6.0524E+00    9.0434E+00   
 2.9380E+02    4.2443E+01    5.0778E+01    2.1811E+01    1.7473E+01    1.5099E+01    5.7983E+01    4.5586E+01    1.4133E+01    4.4511E+00    1.4821E+01    6.0473E+00    9.0899E+00   
# Time (s)      T1w (C)       T2w (C)       T1a (C)       T2a (C)       T1r (C)       T2r (C)       T3r (C)       T4r (C)       P1 (bar)      P2 (bar)      Ic (amp)      Qc (l/min)    
 2.9488E+02    4.2474E+01    5.0795E+01    2.1672E+01    1.7283E+01    1.5236E+01    5.8019E+01    4.5690E+01    1.4207E+01    4.4715E+00    1.4720E+01    6.0422E+00    9.1362E+00   
 2.9597E+02    4.2480E+01    5.0824E+01    2.1654E+01    1.7338E+01    1.5399E+01    5.8083E+01    4.5793E+01    1.4239E+01    4.4715E+00    1.4720E+01    6.0524E+00    9.0667E+00   
 2.9705E+02    4.2502E+01    5.0847E+01    2.1584E+01    1.7403E+01    1.5454E+01    5.8172E+01    4.5893E+01    1.4315E+01    4.4715E+00    1.4679E+01    6.0473E+00    9.0667E+00   
 2.9813E+02    4.2517E+01    5.0872E+01    2.1560E+01    1.7397E+01    1.5597E+01    5.8238E+01    4.5948E+01    1.4386E+01    4.4919E+00    1.4862E+01    6.0473E+00    9.0667E+00   
 2.9921E+02    4.2591E+01    5.0897E+01    2.1771E+01    1.7394E+01    1.5690E+01    5.8252E+01    4.6033E+01    1.4456E+01    4.4919E+00    1.4679E+01    6.0626E+00    9.0899E+00   
 3.0030E+02    4.2645E+01    5.0923E+01    2.1518E+01    1.7389E+01    1.5794E+01    5.8268E+01    4.6096E+01    1.4480E+01    4.4919E+00    1.4781E+01    6.0575E+00    9.0899E+00   
 3.0138E+02    4.2683E+01    5.0962E+01    2.1624E+01    1.7386E+01    1.5826E+01    5.8327E+01    4.6159E+01    1.4540E+01    4.4919E+00    1.4882E+01    6.0677E+00    9.0667E+00   
 3.0246E+02    4.2743E+01    5.0988E+01    2.1898E+01    1.7436E+01    1.5875E+01    5.8371E+01    4.6172E+01    1.4599E+01    4.5123E+00    1.4862E+01    6.1186E+00    9.1362E+00   
 3.0355E+02    4.2771E+01    5.1005E+01    2.1918E+01    1.7429E+01    1.5908E+01    5.8372E+01    4.6275E+01    1.4656E+01    4.5123E+00    1.4821E+01    6.2204E+00    9.1593E+00   
 3.0463E+02    4.2793E+01    5.1025E+01    2.2025E+01    1.7450E+01    1.5803E+01    5.8418E+01    4.6345E+01    1.4747E+01    4.5123E+00    1.4821E+01    6.1339E+00    9.1131E+00   
 3.0573E+02    4.2806E+01    5.1074E+01    2.1917E+01    1.7476E+01    1.5722E+01    5.8492E+01    4.6390E+01    1.4866E+01    4.5123E+00    1.4862E+01    6.0779E+00    9.0899E+00   
 3.0682E+02    4.2873E+01    5.1082E+01    2.1726E+01    1.7475E+01    1.5481E+01    5.8584E+01    4.6464E+01    1.4996E+01    4.5123E+00    1.4862E+01    6.2510E+00    9.0899E+00   
 3.0792E+02    4.2908E+01    5.1147E+01    2.1411E+01    1.7465E+01    1.4279E+01    5.8658E+01    4.6545E+01    1.5116E+01    4.5123E+00    1.4781E+01    6.0677E+00    9.0899E+00   
 3.0906E+02    4.2917E+01    5.1160E+01    2.1447E+01    1.7534E+01    1.2867E+01    5.8730E+01    4.6625E+01    1.5172E+01    4.5327E+00    1.4944E+01    6.0779E+00    9.0201E+00   
 3.1015E+02    4.2926E+01    5.1166E+01    2.1518E+01    1.7522E+01    1.2749E+01    5.8796E+01    4.6700E+01    1.5197E+01    4.5531E+00    1.4882E+01    6.0931E+00    9.0434E+00   
 3.1127E+02    4.2935E+01    5.1164E+01    2.1539E+01    1.7550E+01    1.2679E+01    5.8896E+01    4.6719E+01    1.5098E+01    4.5327E+00    1.4923E+01    6.2306E+00    9.1362E+00   
 3.1234E+02    4.2968E+01    5.1174E+01    2.1541E+01    1.7499E+01    1.2620E+01    5.8948E+01    4.6767E+01    1.5071E+01    4.5327E+00    1.5005E+01    6.1033E+00    9.0899E+00   
 3.1344E+02    4.2961E+01    5.1203E+01    2.1614E+01    1.7488E+01    1.2571E+01    5.8980E+01    4.6790E+01    1.4978E+01    4.5327E+00    1.4903E+01    6.1695E+00    9.0667E+00   
 3.1453E+02    4.3003E+01    5.1248E+01    2.1550E+01    1.7481E+01    1.2545E+01    5.9101E+01    4.6818E+01    1.4882E+01    4.5123E+00    1.4964E+01    6.1084E+00    9.0899E+00   
 3.1562E+02    4.3003E+01    5.1265E+01    2.1532E+01    1.7479E+01    1.2516E+01    5.9176E+01    4.6812E+01    1.4818E+01    4.5123E+00    1.4923E+01    6.1033E+00    9.0899E+00   
 3.1670E+02    4.3020E+01    5.1319E+01    2.1469E+01    1.7488E+01    1.2443E+01    5.9195E+01    4.6803E+01    1.4788E+01    4.5123E+00    1.4944E+01    6.2815E+00    9.0201E+00   
 3.1780E+02    4.3018E+01    5.1348E+01    2.1478E+01    1.7435E+01    1.2426E+01    5.9230E+01    4.6782E+01    1.4695E+01    4.5123E+00    1.5005E+01    6.2968E+00    9.0667E+00   
 3.1889E+02    4.3040E+01    5.1398E+01    2.1435E+01    1.7440E+01    1.2356E+01    5.9221E+01    4.6779E+01    1.4652E+01    4.5123E+00    1.4964E+01    6.2815E+00    9.0667E+00   
 3.1997E+02    4.3069E+01    5.1411E+01    2.1494E+01    1.7379E+01    1.2325E+01    5.9269E+01    4.6781E+01    1.4621E+01    4.4919E+00    1.5106E+01    6.2357E+00    9.0434E+00   
 3.2106E+02    4.3080E+01    5.1468E+01    2.1422E+01    1.7380E+01    1.2296E+01    5.9392E+01    4.6766E+01    1.4598E+01    4.4919E+00    1.5086E+01    6.2764E+00    9.0899E+00   
 3.2214E+02    4.3111E+01    5.1483E+01    2.1433E+01    1.7407E+01    1.2299E+01    5.9458E+01    4.6741E+01    1.4548E+01    4.4919E+00    1.5045E+01    6.2968E+00    9.0667E+00   
 3.2322E+02    4.3144E+01    5.1532E+01    2.1375E+01    1.7477E+01    1.2236E+01    5.9527E+01    4.6724E+01    1.4516E+01    4.4919E+00    1.5005E+01    6.2713E+00    9.0667E+00   
 3.2430E+02    4.3160E+01    5.1563E+01    2.1590E+01    1.7478E+01    1.2210E+01    5.9532E+01    4.6680E+01    1.4482E+01    4.4919E+00    1.5005E+01    6.2917E+00    9.1131E+00   
 3.2538E+02    4.3183E+01    5.1598E+01    2.1599E+01    1.7471E+01    1.2184E+01    5.9595E+01    4.6616E+01    1.4428E+01    4.4919E+00    1.5167E+01    6.3120E+00    9.0899E+00   
 3.2647E+02    4.3203E+01    5.1639E+01    2.1699E+01    1.7459E+01    1.2193E+01    5.9651E+01    4.6616E+01    1.4372E+01    4.4715E+00    1.5025E+01    6.3019E+00    9.0899E+00   
# Time (s)      T1w (C)       T2w (C)       T1a (C)       T2a (C)       T1r (C)       T2r (C)       T3r (C)       T4r (C)       P1 (bar)      P2 (bar)      Ic (amp)      Qc (l/min)    
 3.2755E+02    4.3225E+01    5.1649E+01    2.1655E+01    1.7444E+01    1.2144E+01    5.9676E+01    4.6586E+01    1.4356E+01    4.4715E+00    1.5106E+01    6.2102E+00    9.0434E+00   
 3.2864E+02    4.3233E+01    5.1670E+01    2.1519E+01    1.7386E+01    1.2144E+01    5.9669E+01    4.6547E+01    1.4324E+01    4.4919E+00    1.5127E+01    6.1950E+00    9.0667E+00   
 3.2972E+02    4.3195E+01    5.1681E+01    2.1525E+01    1.7400E+01    1.2142E+01    5.9709E+01    4.6507E+01    1.4257E+01    4.4919E+00    1.5086E+01    6.2459E+00    9.1131E+00   
 3.3080E+02    4.3202E+01    5.1709E+01    2.1552E+01    1.7393E+01    1.2112E+01    5.9785E+01    4.6491E+01    1.4178E+01    4.4715E+00    1.5106E+01    6.1491E+00    9.0899E+00   
 3.3189E+02    4.3246E+01    5.1719E+01    2.1452E+01    1.7420E+01    1.2067E+01    5.9839E+01    4.6451E+01    1.4133E+01    4.4715E+00    1.5086E+01    6.2968E+00    9.0434E+00   
 3.3299E+02    4.3257E+01    5.1761E+01    2.1425E+01    1.7411E+01    1.2022E+01    5.9927E+01    4.6448E+01    1.4108E+01    4.4511E+00    1.5066E+01    6.1644E+00    9.0899E+00   
 3.3408E+02    4.3266E+01    5.1795E+01    2.1416E+01    1.7423E+01    1.1997E+01    6.0000E+01    4.6404E+01    1.4032E+01    4.4715E+00    1.5086E+01    6.1440E+00    9.0899E+00   
 3.3518E+02    4.3290E+01    5.1821E+01    2.1491E+01    1.7413E+01    1.2014E+01    6.0071E+01    4.6392E+01    1.3967E+01    4.4715E+00    1.5127E+01    6.1593E+00    9.1362E+00   
 3.3627E+02    4.3289E+01    5.1841E+01    2.1362E+01    1.7377E+01    1.1995E+01    6.0080E+01    4.6342E+01    1.3911E+01    4.4715E+00    1.5127E+01    6.1848E+00    9.0434E+00   
 3.3735E+02    4.3324E+01    5.1871E+01    2.1367E+01    1.7423E+01    1.2040E+01    6.0080E+01    4.6308E+01    1.3873E+01    4.4511E+00    1.5188E+01    6.1440E+00    9.0434E+00   
 3.3851E+02    4.3376E+01    5.1909E+01    2.1345E+01    1.7432E+01    1.2061E+01    6.0080E+01    4.6300E+01    1.3838E+01    4.4715E+00    1.5147E+01    6.2560E+00    9.0899E+00   
 3.3960E+02    4.3409E+01    5.1929E+01    2.1514E+01    1.7396E+01    1.2154E+01    6.0087E+01    4.6285E+01    1.3776E+01    4.4511E+00    1.5066E+01    6.1695E+00    9.0667E+00   
 3.4071E+02    4.3437E+01    5.1946E+01    2.1480E+01    1.7376E+01    1.2365E+01    6.0148E+01    4.6248E+01    1.3720E+01    4.4511E+00    1.5106E+01    6.3222E+00    9.1131E+00   
 3.4180E+02    4.3514E+01    5.1981E+01    2.1657E+01    1.7312E+01    1.2610E+01    6.0180E+01    4.6243E+01    1.3722E+01    4.4511E+00    1.5290E+01    6.3375E+00    9.0667E+00   
 3.4289E+02    4.3509E+01    5.1999E+01    2.1534E+01    1.7289E+01    1.2765E+01    6.0219E+01    4.6267E+01    1.3751E+01    4.4307E+00    1.5229E+01    6.3375E+00    9.0667E+00   
 3.4396E+02    4.3571E+01    5.2013E+01    2.1277E+01    1.7250E+01    1.3004E+01    6.0281E+01    4.6276E+01    1.3780E+01    4.4511E+00    1.5147E+01    6.2510E+00    9.0434E+00   
 3.4505E+02    4.3593E+01    5.2011E+01    2.1353E+01    1.7235E+01    1.3212E+01    6.0265E+01    4.6317E+01    1.3827E+01    4.4511E+00    1.5249E+01    6.1491E+00    9.0899E+00   
 3.4614E+02    4.3602E+01    5.2040E+01    2.1457E+01    1.7204E+01    1.3415E+01    6.0264E+01    4.6364E+01    1.3869E+01    4.4511E+00    1.5147E+01    6.1491E+00    9.0899E+00   
 3.4723E+02    4.3679E+01    5.2086E+01    2.1417E+01    1.7216E+01    1.3485E+01    6.0260E+01    4.6363E+01    1.3914E+01    4.4307E+00    1.5208E+01    6.1593E+00    9.0434E+00   
 3.4832E+02    4.3691E+01    5.2090E+01    2.1508E+01    1.7202E+01    1.3662E+01    6.0315E+01    4.6428E+01    1.3976E+01    4.4511E+00    1.5249E+01    6.2662E+00    9.0434E+00   
 3.4941E+02    4.3729E+01    5.2130E+01    2.1736E+01    1.7203E+01    1.3831E+01    6.0339E+01    4.6496E+01    1.4015E+01    4.4307E+00    1.5229E+01    6.3120E+00    9.0667E+00   
 3.5049E+02    4.3745E+01    5.2132E+01    2.1611E+01    1.7151E+01    1.3961E+01    6.0388E+01    4.6576E+01    1.4084E+01    4.4511E+00    1.5167E+01    6.1797E+00    9.0667E+00   
 3.5158E+02    4.3784E+01    5.2161E+01    2.1565E+01    1.7142E+01    1.4052E+01    6.0470E+01    4.6604E+01    1.4155E+01    4.4511E+00    1.5229E+01    6.1440E+00    9.0434E+00   
 3.5267E+02    4.3832E+01    5.2173E+01    2.1367E+01    1.7249E+01    1.4191E+01    6.0474E+01    4.6700E+01    1.4198E+01    4.4511E+00    1.5229E+01    6.1746E+00    9.0899E+00   
 3.5376E+02    4.3878E+01    5.2213E+01    2.1419E+01    1.7145E+01    1.4331E+01    6.0492E+01    4.6803E+01    1.4246E+01    4.4511E+00    1.5249E+01    6.3477E+00    9.0899E+00   
 3.5485E+02    4.3877E+01    5.2241E+01    2.1358E+01    1.7133E+01    1.4420E+01    6.0555E+01    4.6904E+01    1.4333E+01    4.4511E+00    1.5167E+01    6.2102E+00    9.1131E+00   
 3.5593E+02    4.3915E+01    5.2258E+01    2.1259E+01    1.7180E+01    1.4563E+01    6.0604E+01    4.6939E+01    1.4376E+01    4.4511E+00    1.5269E+01    6.1644E+00    9.0434E+00   
 3.5702E+02    4.3964E+01    5.2281E+01    2.1395E+01    1.7245E+01    1.4696E+01    6.0602E+01    4.7031E+01    1.4387E+01    4.4715E+00    1.5188E+01    6.1644E+00    9.0667E+00   
 3.5811E+02    4.4041E+01    5.2309E+01    2.1459E+01    1.7224E+01    1.4814E+01    6.0641E+01    4.7078E+01    1.4406E+01    4.4715E+00    1.5330E+01    6.3426E+00    8.9967E+00   
 3.5920E+02    4.4062E+01    5.2340E+01    2.1557E+01    1.7189E+01    1.4898E+01    6.0700E+01    4.7122E+01    1.4435E+01    4.4715E+00    1.5290E+01    6.3528E+00    8.9967E+00   
# Time (s)      T1w (C)       T2w (C)       T1a (C)       T2a (C)       T1r (C)       T2r (C)       T3r (C)       T4r (C)       P1 (bar)      P2 (bar)      Ic (amp)      Qc (l/min)    
 3.6028E+02    4.4095E+01    5.2341E+01    2.1609E+01    1.7180E+01    1.5037E+01    6.0726E+01    4.7224E+01    1.4501E+01    4.4919E+00    1.5351E+01    6.2051E+00    9.0434E+00   
 3.6137E+02    4.4146E+01    5.2379E+01    2.1750E+01    1.7119E+01    1.5199E+01    6.0759E+01    4.7290E+01    1.4543E+01    4.4715E+00    1.5188E+01    6.1695E+00    9.0201E+00   
